i	j	i_id	j_id	r_sco	s_sco	prob
457	667	457_S	667_V	0.1995	5.424	1.000
526	639	526_F	639_F	0.1729	4.702	1.000
705	779	705_D	779_T	0.1654	4.496	1.000
125	419	125_F	419_F	0.1320	3.588	1.000
205	268	205_A	268_W	0.1319	3.586	1.000
129	423	129_L	423_M	0.1310	3.561	1.000
869	900	869_A	900_G	0.1309	3.559	1.000
543	623	543_S	623_H	0.1297	3.527	1.000
833	855	833_H	855_Y	0.1291	3.510	1.000
675	778	675_A	778_I	0.1283	3.490	1.000
624	641	624_L	641_L	0.1281	3.483	1.000
183	203	183_L	203_L	0.1273	3.463	1.000
876	891	876_H	891_D	0.1201	3.264	1.000
5	944	5_E	944_K	0.1181	3.211	1.000
524	660	524_I	660_L	0.1140	3.101	1.000
507	524	507_V	524_I	0.1132	3.079	1.000
32	58	32_C	58_F	0.1110	3.017	1.000
891	931	891_D	931_T	0.1087	2.956	1.000
217	247	217_R	247_T	0.1085	2.951	1.000
212	255	212_V	255_L	0.1084	2.946	1.000
58	130	58_F	130_I	0.1071	2.911	1.000
915	946	915_N	946_N	0.1058	2.876	1.000
374	431	374_Y	431_D	0.1052	2.861	1.000
564	643	564_L	643_V	0.1029	2.799	0.999
196	285	196_G	285_Y	0.1016	2.763	0.999
704	742	704_V	742_T	0.1003	2.728	0.999
758	774	758_L	774_L	0.1002	2.723	0.999
911	932	911_G	932_L	0.0977	2.657	0.999
28	90	28_F	90_F	0.0971	2.641	0.999
506	527	506_A	527_A	0.0958	2.606	0.999
500	665	500_I	665_V	0.0948	2.578	0.998
120	393	120_D	393_H	0.0946	2.573	0.998
94	122	94_Y	122_L	0.0931	2.530	0.998
510	660	510_V	660_L	0.0929	2.525	0.998
543	587	543_S	587_G	0.0927	2.519	0.998
510	524	510_V	524_I	0.0925	2.515	0.998
525	640	525_G	640_D	0.0924	2.511	0.998
136	426	136_I	426_L	0.0923	2.510	0.998
255	282	255_L	282_L	0.0923	2.509	0.998
460	661	460_A	661_C	0.0908	2.470	0.998
707	756	707_V	756_L	0.0875	2.379	0.997
19	31	19_Y	31_F	0.0875	2.378	0.996
672	777	672_T	777_R	0.0858	2.331	0.996
590	593	590_A	593_D	0.0856	2.326	0.996
459	480	459_V	480_V	0.0849	2.309	0.995
74	86	74_A	86_V	0.0841	2.287	0.995
914	918	914_L	918_L	0.0841	2.287	0.995
570	640	570_R	640_D	0.0834	2.268	0.994
458	621	458_V	621_F	0.0830	2.256	0.994
587	623	587_G	623_H	0.0826	2.246	0.994
563	646	563_R	646_S	0.0821	2.232	0.994
480	496	480_V	496_T	0.0811	2.206	0.993
59	85	59_C	85_I	0.0805	2.188	0.992
892	918	892_V	918_L	0.0801	2.179	0.992
213	256	213_W	256_Q	0.0793	2.155	0.991
544	622	544_L	622_V	0.0782	2.126	0.990
508	527	508_E	527_A	0.0780	2.121	0.990
689	704	689_L	704_V	0.0774	2.105	0.989
28	32	28_F	32_C	0.0769	2.090	0.988
507	544	507_V	544_L	0.0761	2.068	0.987
111	115	111_Q	115_H	0.0757	2.059	0.987
691	701	691_P	701_I	0.0748	2.033	0.985
459	667	459_V	667_V	0.0743	2.021	0.984
455	814	455_S	814_P	0.0736	2.002	0.983
201	255	201_V	255_L	0.0735	1.998	0.983
252	293	252_Q	293_R	0.0732	1.989	0.982
498	665	498_R	665_V	0.0726	1.973	0.981
209	258	209_Q	258_S	0.0725	1.972	0.981
546	622	546_L	622_V	0.0723	1.965	0.980
527	638	527_A	638_G	0.0720	1.958	0.980
892	928	892_V	928_N	0.0716	1.945	0.979
127	131	127_H	131_T	0.0711	1.934	0.978
522	645	522_L	645_L	0.0708	1.924	0.977
4	9	4_V	9_Q	0.0702	1.909	0.975
254	293	254_L	293_R	0.0702	1.908	0.975
172	177	172_N	177_V	0.0694	1.888	0.973
205	278	205_A	278_L	0.0691	1.878	0.972
870	896	870_I	896_L	0.0691	1.878	0.972
198	212	198_T	212_V	0.0690	1.876	0.972
561	622	561_T	622_V	0.0688	1.872	0.971
845	849	845_A	849_R	0.0688	1.871	0.971
253	292	253_V	292_V	0.0685	1.862	0.970
893	933	893_E	933_I	0.0680	1.849	0.968
213	254	213_W	254_L	0.0676	1.837	0.967
547	661	547_A	661_C	0.0657	1.785	0.959
869	901	869_A	901_F	0.0655	1.781	0.958
31	71	31_F	71_I	0.0654	1.779	0.958
686	743	686_E	743_R	0.0654	1.779	0.958
382	386	382_L	386_G	0.0649	1.764	0.955
569	624	569_L	624_L	0.0648	1.762	0.955
526	544	526_F	544_L	0.0645	1.754	0.953
194	214	194_A	214_H	0.0638	1.734	0.950
706	777	706_A	777_R	0.0636	1.730	0.949
152	155	152_D	155_S	0.0635	1.727	0.948
608	619	608_L	619_F	0.0630	1.712	0.945
525	638	525_G	638_G	0.0629	1.711	0.945
524	643	524_I	643_V	0.0627	1.705	0.943
896	932	896_L	932_L	0.0624	1.695	0.941
31	86	31_F	86_V	0.0623	1.693	0.941
260	296	260_Q	296_L	0.0622	1.691	0.940
28	88	28_F	88_V	0.0621	1.688	0.939
267	273	267_G	273_H	0.0620	1.685	0.939
210	257	210_A	257_L	0.0619	1.682	0.938
510	657	510_V	657_D	0.0616	1.673	0.936
526	534	526_F	534_W	0.0614	1.670	0.935
522	655	522_L	655_V	0.0613	1.666	0.934
507	526	507_V	526_F	0.0610	1.658	0.932
57	388	57_R	388_A	0.0600	1.632	0.924
756	776	756_L	776_L	0.0600	1.632	0.924
208	268	208_T	268_W	0.0597	1.624	0.922
197	285	197_L	285_Y	0.0592	1.609	0.917
528	534	528_C	534_W	0.0590	1.604	0.916
917	921	917_F	921_Y	0.0589	1.603	0.915
594	607	594_R	607_Q	0.0585	1.591	0.911
22	25	22_Q	25_Y	0.0585	1.590	0.911
299	302	299_E	302_L	0.0580	1.577	0.907
219	245	219_R	245_H	0.0580	1.576	0.906
560	643	560_M	643_V	0.0579	1.575	0.906
262	266	262_G	266_Q	0.0579	1.574	0.906
898	934	898_G	934_V	0.0579	1.574	0.906
473	501	473_T	501_P	0.0575	1.564	0.902
264	267	264_E	267_G	0.0571	1.553	0.898
12	951	12_P	951_L	0.0571	1.552	0.897
479	493	479_E	493_R	0.0568	1.545	0.895
386	421	386_G	421_F	0.0566	1.539	0.892
417	421	417_E	421_F	0.0564	1.533	0.890
524	544	524_I	544_L	0.0563	1.531	0.889
216	254	216_D	254_L	0.0558	1.518	0.883
48	54	48_G	54_E	0.0558	1.518	0.883
585	625	585_S	625_N	0.0553	1.504	0.877
702	781	702_Y	781_T	0.0553	1.504	0.877
894	914	894_V	914_L	0.0552	1.502	0.876
689	701	689_L	701_I	0.0549	1.492	0.872
75	85	75_V	85_I	0.0548	1.490	0.871
258	297	258_S	297_C	0.0545	1.482	0.867
502	663	502_L	663_H	0.0544	1.480	0.866
567	641	567_L	641_L	0.0542	1.474	0.863
261	264	261_T	264_E	0.0541	1.471	0.861
534	639	534_W	639_F	0.0541	1.470	0.861
753	783	753_D	783_G	0.0540	1.467	0.859
563	647	563_R	647_Q	0.0536	1.457	0.854
524	641	524_I	641_L	0.0536	1.457	0.854
267	274	267_G	274_L	0.0534	1.451	0.851
898	937	898_G	937_E	0.0531	1.444	0.847
621	664	621_F	664_C	0.0531	1.443	0.847
706	717	706_A	717_E	0.0530	1.442	0.846
505	534	505_L	534_W	0.0530	1.442	0.846
29	134	29_Y	134_Y	0.0529	1.439	0.844
624	643	624_L	643_V	0.0529	1.437	0.843
606	917	606_Y	917_F	0.0523	1.422	0.835
222	246	222_L	246_A	0.0522	1.419	0.833
375	378	375_F	378_E	0.0519	1.412	0.829
540	628	540_H	628_E	0.0519	1.412	0.829
8	947	8_S	947_H	0.0519	1.410	0.828
564	584	564_L	584_F	0.0519	1.410	0.828
386	417	386_G	417_E	0.0515	1.402	0.823
545	668	545_Y	668_I	0.0513	1.394	0.818
29	137	29_Y	137_W	0.0511	1.390	0.815
45	58	45_I	58_F	0.0510	1.388	0.814
111	395	111_Q	395_D	0.0509	1.383	0.811
689	776	689_L	776_L	0.0508	1.382	0.810
209	259	209_Q	259_T	0.0508	1.382	0.810
88	130	88_V	130_I	0.0507	1.378	0.808
448	602	448_H	602_A	0.0505	1.373	0.804
218	252	218_R	252_Q	0.0505	1.373	0.804
476	499	476_A	499_A	0.0504	1.371	0.803
198	202	198_T	202_T	0.0503	1.367	0.800
195	604	195_E	604_S	0.0502	1.366	0.800
129	426	129_L	426_L	0.0502	1.366	0.800
718	738	718_Y	738_R	0.0501	1.363	0.797
557	589	557_H	589_F	0.0501	1.362	0.797
704	778	704_V	778_I	0.0500	1.358	0.794
503	539	503_N	539_L	0.0499	1.357	0.793
473	499	473_T	499_A	0.0499	1.357	0.793
264	274	264_E	274_L	0.0497	1.352	0.790
523	640	523_K	640_D	0.0497	1.352	0.790
19	26	19_Y	26_I	0.0497	1.351	0.789
703	779	703_S	779_T	0.0496	1.349	0.788
139	432	139_K	432_D	0.0495	1.347	0.786
93	418	93_L	418_G	0.0495	1.345	0.785
198	211	198_T	211_R	0.0493	1.341	0.782
546	560	546_L	560_M	0.0493	1.340	0.781
498	618	498_R	618_K	0.0493	1.339	0.781
254	295	254_L	295_Q	0.0492	1.338	0.780
429	432	429_K	432_D	0.0489	1.330	0.774
700	783	700_E	783_G	0.0488	1.327	0.772
471	503	471_A	503_N	0.0487	1.324	0.770
298	302	298_V	302_L	0.0487	1.323	0.769
704	753	704_V	753_D	0.0486	1.321	0.767
871	897	871_L	897_D	0.0485	1.318	0.765
449	855	449_Y	855_Y	0.0485	1.317	0.764
475	624	475_P	624_L	0.0483	1.314	0.762
672	705	672_T	705_D	0.0483	1.312	0.761
211	256	211_R	256_Q	0.0481	1.308	0.757
10	949	10_S	949_P	0.0481	1.307	0.757
815	873	815_T	873_V	0.0480	1.304	0.754
169	847	169_C	847_V	0.0478	1.300	0.751
216	252	216_D	252_Q	0.0478	1.299	0.750
208	257	208_T	257_L	0.0477	1.298	0.750
27	70	27_N	70_E	0.0477	1.297	0.749
91	129	91_M	129_L	0.0474	1.288	0.742
591	604	591_E	604_S	0.0472	1.284	0.738
32	88	32_C	88_V	0.0472	1.283	0.738
201	278	201_V	278_L	0.0471	1.281	0.736
552	659	552_V	659_A	0.0469	1.274	0.730
460	809	460_A	809_R	0.0469	1.274	0.730
257	268	257_L	268_W	0.0466	1.267	0.724
325	422	325_M	422_S	0.0465	1.265	0.723
709	772	709_G	772_E	0.0465	1.263	0.721
266	318	266_Q	318_Q	0.0464	1.262	0.720
262	265	262_G	265_V	0.0464	1.260	0.718
565	646	565_A	646_S	0.0463	1.258	0.717
269	322	269_L	322_T	0.0461	1.252	0.712
219	247	219_R	247_T	0.0460	1.251	0.711
585	590	585_S	590_A	0.0460	1.251	0.711
590	916	590_A	916_R	0.0460	1.250	0.710
554	620	554_S	620_M	0.0457	1.243	0.704
192	285	192_R	285_Y	0.0455	1.238	0.699
201	210	201_V	210_A	0.0455	1.238	0.699
5	9	5_E	9_Q	0.0455	1.237	0.698
140	432	140_Y	432_D	0.0453	1.231	0.693
25	683	25_Y	683_L	0.0451	1.227	0.689
187	285	187_M	285_Y	0.0449	1.221	0.684
212	924	212_V	924_M	0.0447	1.216	0.679
616	815	616_R	815_T	0.0446	1.214	0.678
104	411	104_Y	411_C	0.0444	1.206	0.670
18	26	18_R	26_I	0.0444	1.206	0.670
709	718	709_G	718_Y	0.0443	1.206	0.670
61	89	61_Y	89_T	0.0443	1.205	0.669
891	929	891_D	929_Q	0.0441	1.200	0.665
474	545	474_V	545_Y	0.0441	1.199	0.664
226	240	226_L	240_P	0.0441	1.199	0.664
375	379	375_F	379_M	0.0440	1.197	0.662
374	378	374_Y	378_E	0.0440	1.196	0.661
242	704	242_M	704_V	0.0439	1.193	0.658
848	914	848_L	914_L	0.0438	1.190	0.655
691	778	691_P	778_I	0.0437	1.190	0.655
557	586	557_H	586_P	0.0437	1.188	0.653
278	294	278_L	294_L	0.0436	1.187	0.652
71	86	71_I	86_V	0.0436	1.186	0.651
558	562	558_L	562_K	0.0436	1.186	0.651
667	810	667_V	810_N	0.0436	1.186	0.651
451	560	451_R	560_M	0.0436	1.185	0.650
498	587	498_R	587_G	0.0435	1.184	0.649
71	668	71_I	668_I	0.0435	1.182	0.647
686	755	686_E	755_W	0.0434	1.181	0.646
559	905	559_M	905_G	0.0434	1.179	0.645
541	623	541_R	623_H	0.0433	1.177	0.643
290	507	290_L	507_V	0.0432	1.175	0.641
479	495	479_E	495_R	0.0431	1.172	0.638
4	7	4_V	7_K	0.0431	1.171	0.637
6	945	6_R	945_E	0.0430	1.168	0.634
461	480	461_L	480_V	0.0430	1.168	0.634
880	929	880_R	929_Q	0.0430	1.168	0.634
213	216	213_W	216_D	0.0429	1.167	0.633
93	419	93_L	419_F	0.0428	1.165	0.631
455	756	455_S	756_L	0.0428	1.163	0.629
23	26	23_L	26_I	0.0428	1.163	0.629
289	950	289_R	950_R	0.0428	1.163	0.629
227	524	227_T	524_I	0.0427	1.162	0.628
661	664	661_C	664_C	0.0427	1.160	0.626
116	120	116_E	120_D	0.0427	1.160	0.626
474	665	474_V	665_V	0.0427	1.160	0.626
522	660	522_L	660_L	0.0426	1.159	0.625
296	723	296_L	723_S	0.0426	1.159	0.625
477	495	477_G	495_R	0.0426	1.158	0.624
833	854	833_H	854_L	0.0425	1.157	0.623
707	776	707_V	776_L	0.0425	1.156	0.622
594	668	594_R	668_I	0.0424	1.154	0.620
526	643	526_F	643_V	0.0423	1.149	0.615
474	689	474_V	689_L	0.0423	1.149	0.615
675	704	675_A	704_V	0.0421	1.146	0.612
202	584	202_T	584_F	0.0421	1.145	0.611
387	391	387_K	391_Q	0.0421	1.145	0.611
498	543	498_R	543_S	0.0419	1.139	0.605
223	524	223_K	524_I	0.0417	1.134	0.600
561	924	561_T	924_M	0.0417	1.133	0.599
931	942	931_T	942_R	0.0417	1.133	0.599
570	642	570_R	642_E	0.0414	1.127	0.593
253	286	253_V	286_L	0.0414	1.126	0.592
585	623	585_S	623_H	0.0414	1.126	0.592
559	563	559_M	563_R	0.0413	1.124	0.590
321	639	321_R	639_F	0.0413	1.123	0.589
448	855	448_H	855_Y	0.0413	1.123	0.589
496	665	496_T	665_V	0.0412	1.121	0.587
866	901	866_R	901_F	0.0412	1.121	0.587
448	833	448_H	833_H	0.0412	1.120	0.586
183	193	183_L	193_T	0.0412	1.120	0.586
461	474	461_L	474_V	0.0411	1.117	0.583
261	302	261_T	302_L	0.0410	1.115	0.581
688	755	688_L	755_W	0.0409	1.112	0.578
461	665	461_L	665_V	0.0408	1.110	0.575
248	376	248_D	376_D	0.0408	1.109	0.574
4	10	4_V	10_S	0.0404	1.097	0.562
845	873	845_A	873_V	0.0403	1.097	0.562
132	423	132_Q	423_M	0.0403	1.097	0.562
445	838	445_L	838_F	0.0403	1.095	0.560
461	496	461_L	496_T	0.0402	1.094	0.559
94	108	94_Y	108_I	0.0402	1.094	0.559
158	255	158_L	255_L	0.0402	1.094	0.559
508	638	508_E	638_G	0.0402	1.093	0.558
201	204	201_V	204_L	0.0402	1.092	0.557
429	433	429_K	433_D	0.0401	1.091	0.556
382	418	382_L	418_G	0.0401	1.091	0.556
631	639	631_S	639_F	0.0401	1.091	0.556
72	89	72_K	89_T	0.0401	1.090	0.555
677	773	677_P	773_T	0.0401	1.090	0.555
20	84	20_R	84_P	0.0401	1.089	0.554
497	595	497_T	595_L	0.0400	1.088	0.553
235	239	235_S	239_R	0.0400	1.087	0.552
475	655	475_P	655_V	0.0400	1.087	0.552
526	567	526_F	567_L	0.0398	1.083	0.547
51	54	51_A	54_E	0.0398	1.081	0.545
386	422	386_G	422_S	0.0397	1.079	0.543
874	893	874_Q	893_E	0.0396	1.078	0.542
874	895	874_Q	895_T	0.0395	1.075	0.539
256	297	256_Q	297_C	0.0395	1.074	0.538
751	783	751_M	783_G	0.0393	1.070	0.534
197	212	197_L	212_V	0.0393	1.068	0.532
242	299	242_M	299_E	0.0393	1.068	0.532
194	212	194_A	212_V	0.0391	1.064	0.528
62	108	62_P	108_I	0.0390	1.061	0.524
263	524	263_S	524_I	0.0390	1.059	0.522
265	298	265_V	298_V	0.0390	1.059	0.522
750	881	750_G	881_F	0.0389	1.058	0.521
587	593	587_G	593_D	0.0389	1.057	0.520
567	643	567_L	643_V	0.0389	1.056	0.519
870	918	870_I	918_L	0.0388	1.055	0.518
524	624	524_I	624_L	0.0388	1.054	0.517
583	626	583_W	626_G	0.0388	1.054	0.517
603	608	603_F	608_L	0.0388	1.054	0.517
372	376	372_L	376_D	0.0387	1.052	0.515
539	918	539_L	918_L	0.0387	1.051	0.514
692	695	692_K	695_Q	0.0387	1.051	0.514
105	197	105_I	197_L	0.0386	1.050	0.513
512	645	512_M	645_L	0.0386	1.049	0.512
155	181	155_S	181_L	0.0385	1.048	0.511
385	398	385_A	398_A	0.0385	1.046	0.509
94	126	94_Y	126_S	0.0384	1.045	0.508
556	660	556_L	660_L	0.0384	1.044	0.506
537	662	537_V	662_L	0.0383	1.042	0.504
790	793	790_L	793_T	0.0383	1.042	0.504
569	586	569_L	586_P	0.0382	1.038	0.500
7	946	7_K	946_N	0.0381	1.036	0.498
91	130	91_M	130_I	0.0380	1.034	0.496
393	902	393_H	902_A	0.0380	1.033	0.495
46	51	46_G	51_A	0.0380	1.033	0.495
475	478	475_P	478_L	0.0379	1.031	0.493
388	870	388_A	870_I	0.0379	1.029	0.491
606	840	606_Y	840_N	0.0378	1.027	0.489
4	11	4_V	11_A	0.0377	1.024	0.485
494	910	494_Y	910_F	0.0376	1.023	0.484
298	303	298_V	303_L	0.0376	1.023	0.484
617	870	617_E	870_I	0.0376	1.023	0.484
180	284	180_F	284_V	0.0375	1.020	0.481
522	801	522_L	801_V	0.0375	1.020	0.481
139	917	139_K	917_F	0.0375	1.019	0.480
545	620	545_Y	620_M	0.0375	1.018	0.479
282	458	282_L	458_V	0.0374	1.018	0.479
368	371	368_D	371_T	0.0374	1.016	0.477
475	499	475_P	499_A	0.0374	1.016	0.477
789	792	789_A	792_S	0.0372	1.013	0.474
161	296	161_L	296_L	0.0372	1.011	0.472
213	223	213_W	223_K	0.0372	1.011	0.472
523	642	523_K	642_E	0.0372	1.011	0.472
461	910	461_L	910_F	0.0372	1.010	0.471
54	135	54_E	135_R	0.0371	1.010	0.471
183	546	183_L	546_L	0.0370	1.007	0.468
837	840	837_G	840_N	0.0370	1.006	0.466
837	841	837_G	841_M	0.0370	1.005	0.465
723	726	723_S	726_H	0.0369	1.003	0.463
288	875	288_S	875_H	0.0368	1.001	0.461
721	840	721_F	840_N	0.0367	0.998	0.458
100	108	100_L	108_I	0.0367	0.997	0.457
236	308	236_L	308_L	0.0367	0.997	0.457
36	134	36_E	134_Y	0.0367	0.996	0.456
781	817	781_T	817_P	0.0366	0.994	0.454
891	942	891_D	942_R	0.0366	0.994	0.454
400	410	400_L	410_P	0.0365	0.993	0.453
455	494	455_S	494_Y	0.0365	0.993	0.453
668	849	668_I	849_R	0.0365	0.992	0.452
559	645	559_M	645_L	0.0365	0.991	0.451
548	553	548_A	553_S	0.0364	0.991	0.451
566	756	566_A	756_L	0.0364	0.990	0.450
160	165	160_G	165_G	0.0362	0.985	0.445
848	918	848_L	918_L	0.0362	0.984	0.443
599	602	599_G	602_A	0.0362	0.984	0.443
41	701	41_D	701_I	0.0361	0.983	0.442
46	135	46_G	135_R	0.0361	0.981	0.440
908	941	908_H	941_I	0.0361	0.981	0.440
9	948	9_Q	948_N	0.0361	0.980	0.439
197	924	197_L	924_M	0.0361	0.980	0.439
33	105	33_Q	105_I	0.0360	0.980	0.439
228	309	228_M	309_S	0.0360	0.978	0.437
5	8	5_E	8_S	0.0359	0.977	0.436
668	672	668_I	672_T	0.0359	0.977	0.436
146	721	146_F	721_F	0.0359	0.975	0.434
103	718	103_H	718_Y	0.0359	0.975	0.434
28	756	28_F	756_L	0.0358	0.975	0.434
598	607	598_K	607_Q	0.0358	0.974	0.433
194	924	194_A	924_M	0.0358	0.974	0.433
878	891	878_I	891_D	0.0358	0.973	0.432
856	863	856_N	863_N	0.0357	0.972	0.431
460	664	460_A	664_C	0.0357	0.972	0.431
299	496	299_E	496_T	0.0357	0.971	0.430
9	14	9_Q	14_R	0.0357	0.971	0.430
889	927	889_G	927_F	0.0357	0.971	0.430
318	321	318_Q	321_R	0.0355	0.967	0.426
429	436	429_K	436_E	0.0355	0.966	0.425
129	419	129_L	419_F	0.0355	0.966	0.425
124	273	124_I	273_H	0.0355	0.965	0.424
115	395	115_H	395_D	0.0355	0.965	0.424
438	687	438_T	687_Y	0.0355	0.965	0.424
815	899	815_T	899_N	0.0355	0.965	0.424
26	31	26_I	31_F	0.0354	0.963	0.422
430	663	430_I	663_H	0.0354	0.963	0.422
500	506	500_I	506_A	0.0354	0.962	0.421
611	618	611_E	618_K	0.0354	0.962	0.421
60	94	60_P	94_Y	0.0353	0.961	0.420
287	455	287_G	455_S	0.0353	0.960	0.419
457	812	457_S	812_C	0.0353	0.960	0.419
832	836	832_S	836_T	0.0353	0.959	0.418
382	416	382_L	416_F	0.0352	0.958	0.417
66	137	66_F	137_W	0.0351	0.954	0.413
503	542	503_N	542_L	0.0351	0.954	0.413
499	818	499_A	818_V	0.0351	0.953	0.412
456	615	456_L	615_F	0.0350	0.952	0.410
36	138	36_E	138_R	0.0350	0.952	0.410
30	780	30_R	780_G	0.0350	0.951	0.409
71	300	71_I	300_R	0.0350	0.951	0.409
699	783	699_T	783_G	0.0350	0.951	0.409
64	92	64_M	92_G	0.0350	0.951	0.409
564	567	564_L	567_L	0.0350	0.951	0.409
704	757	704_V	757_I	0.0350	0.951	0.409
589	619	589_F	619_F	0.0349	0.948	0.406
588	593	588_G	593_D	0.0349	0.948	0.406
606	841	606_Y	841_M	0.0349	0.948	0.406
248	251	248_D	251_G	0.0348	0.948	0.406
550	617	550_A	617_E	0.0348	0.946	0.404
568	644	568_Y	644_V	0.0348	0.946	0.404
607	836	607_Q	836_T	0.0348	0.946	0.404
898	936	898_G	936_P	0.0348	0.946	0.404
449	833	449_Y	833_H	0.0348	0.945	0.403
140	430	140_Y	430_I	0.0348	0.945	0.403
621	783	621_F	783_G	0.0347	0.944	0.402
141	433	141_S	433_D	0.0347	0.943	0.401
319	323	319_L	323_A	0.0347	0.943	0.401
560	705	560_M	705_D	0.0347	0.943	0.401
73	619	73_D	619_F	0.0347	0.942	0.400
26	480	26_I	480_V	0.0346	0.942	0.400
443	450	443_S	450_L	0.0346	0.942	0.400
294	546	294_L	546_L	0.0346	0.941	0.399
895	933	895_T	933_I	0.0346	0.941	0.399
432	436	432_D	436_E	0.0346	0.940	0.398
71	74	71_I	74_A	0.0345	0.939	0.397
175	268	175_T	268_W	0.0345	0.939	0.397
423	427	423_M	427_R	0.0345	0.938	0.396
325	811	325_M	811_L	0.0344	0.936	0.394
457	665	457_S	665_V	0.0344	0.936	0.394
849	868	849_R	868_D	0.0344	0.936	0.394
202	388	202_T	388_A	0.0343	0.934	0.392
130	455	130_I	455_S	0.0343	0.933	0.391
462	507	462_T	507_V	0.0343	0.933	0.391
507	868	507_V	868_D	0.0343	0.933	0.391
4	15	4_V	15_L	0.0342	0.931	0.389
541	585	541_R	585_S	0.0342	0.930	0.388
17	916	17_T	916_R	0.0341	0.928	0.386
440	740	440_S	740_Y	0.0341	0.928	0.386
120	123	120_D	123_D	0.0341	0.927	0.385
548	552	548_A	552_V	0.0340	0.926	0.384
187	461	187_M	461_L	0.0340	0.925	0.383
306	323	306_A	323_A	0.0340	0.924	0.382
872	895	872_A	895_T	0.0340	0.924	0.382
605	663	605_G	663_H	0.0340	0.924	0.382
548	659	548_A	659_A	0.0340	0.924	0.382
5	10	5_E	10_S	0.0340	0.923	0.381
522	892	522_L	892_V	0.0339	0.923	0.381
24	69	24_P	69_S	0.0339	0.921	0.379
437	831	437_L	831_M	0.0339	0.921	0.379
382	417	382_L	417_E	0.0338	0.920	0.378
622	736	622_V	736_P	0.0338	0.920	0.378
119	123	119_A	123_D	0.0338	0.919	0.377
676	693	676_D	693_R	0.0338	0.918	0.376
678	776	678_L	776_L	0.0337	0.917	0.375
414	417	414_R	417_E	0.0337	0.917	0.375
139	436	139_K	436_E	0.0337	0.915	0.373
268	292	268_W	292_V	0.0337	0.915	0.373
581	877	581_D	877_R	0.0337	0.915	0.373
273	507	273_H	507_V	0.0336	0.915	0.373
495	869	495_R	869_A	0.0336	0.914	0.372
30	840	30_R	840_N	0.0336	0.913	0.371
415	597	415_L	597_P	0.0336	0.913	0.371
395	399	395_D	399_M	0.0336	0.913	0.371
672	779	672_T	779_T	0.0336	0.913	0.371
912	916	912_E	916_R	0.0336	0.913	0.371
157	160	157_Y	160_G	0.0335	0.911	0.369
104	811	104_Y	811_L	0.0335	0.909	0.367
588	619	588_G	619_F	0.0335	0.909	0.367
98	418	98_S	418_G	0.0334	0.909	0.367
451	778	451_R	778_I	0.0334	0.909	0.367
474	803	474_V	803_Q	0.0334	0.909	0.367
718	772	718_Y	772_E	0.0334	0.908	0.366
32	140	32_C	140_Y	0.0334	0.908	0.366
125	416	125_F	416_F	0.0334	0.908	0.366
546	660	546_L	660_L	0.0333	0.906	0.364
910	914	910_F	914_L	0.0333	0.906	0.364
7	11	7_K	11_A	0.0333	0.905	0.364
71	617	71_I	617_E	0.0332	0.903	0.362
205	274	205_A	274_L	0.0332	0.902	0.361
324	421	324_V	421_F	0.0332	0.902	0.361
433	436	433_D	436_E	0.0332	0.902	0.361
438	827	438_T	827_H	0.0331	0.901	0.360
367	376	367_M	376_D	0.0331	0.901	0.360
86	156	86_V	156_Q	0.0331	0.900	0.359
376	701	376_D	701_I	0.0331	0.899	0.358
568	642	568_Y	642_E	0.0331	0.899	0.358
122	699	122_L	699_T	0.0331	0.899	0.358
617	740	617_E	740_Y	0.0330	0.896	0.355
396	399	396_R	399_M	0.0330	0.896	0.355
418	740	418_G	740_Y	0.0329	0.895	0.354
325	664	325_M	664_C	0.0329	0.895	0.354
142	155	142_Y	155_S	0.0328	0.893	0.352
866	906	866_R	906_D	0.0328	0.892	0.351
459	563	459_V	563_R	0.0328	0.891	0.350
430	701	430_I	701_I	0.0327	0.890	0.349
621	840	621_F	840_N	0.0327	0.889	0.348
786	839	786_P	839_L	0.0327	0.889	0.348
197	259	197_L	259_T	0.0327	0.889	0.348
36	135	36_E	135_R	0.0327	0.889	0.348
915	928	915_N	928_N	0.0327	0.889	0.348
58	856	58_F	856_N	0.0326	0.887	0.346
560	741	560_M	741_H	0.0326	0.887	0.346
126	862	126_S	862_L	0.0326	0.886	0.345
448	610	448_H	610_L	0.0326	0.886	0.345
568	687	568_Y	687_Y	0.0325	0.884	0.343
33	138	33_Q	138_R	0.0325	0.884	0.343
546	556	546_L	556_L	0.0325	0.883	0.342
700	819	700_E	819_Y	0.0325	0.883	0.342
584	624	584_F	624_L	0.0324	0.882	0.341
875	893	875_H	893_E	0.0324	0.882	0.341
86	161	86_V	161_L	0.0324	0.881	0.340
228	240	228_M	240_P	0.0324	0.880	0.340
402	879	402_L	879_Q	0.0324	0.880	0.340
718	765	718_Y	765_A	0.0324	0.880	0.340
34	682	34_L	682_G	0.0323	0.879	0.339
615	867	615_F	867_L	0.0323	0.879	0.339
835	839	835_G	839_L	0.0323	0.878	0.338
815	882	815_T	882_E	0.0323	0.877	0.337
760	765	760_G	765_A	0.0323	0.877	0.337
106	522	106_S	522_L	0.0322	0.876	0.336
402	407	402_L	407_T	0.0322	0.876	0.336
602	918	602_A	918_L	0.0322	0.875	0.335
432	451	432_D	451_R	0.0322	0.875	0.335
456	497	456_L	497_T	0.0322	0.875	0.335
474	656	474_V	656_T	0.0322	0.875	0.335
450	833	450_L	833_H	0.0322	0.874	0.334
696	699	696_D	699_T	0.0322	0.874	0.334
499	874	499_A	874_Q	0.0321	0.874	0.334
222	241	222_L	241_V	0.0321	0.874	0.334
558	937	558_L	937_E	0.0321	0.872	0.332
159	181	159_L	181_L	0.0321	0.872	0.332
245	422	245_H	422_S	0.0321	0.872	0.332
870	894	870_I	894_V	0.0321	0.872	0.332
673	691	673_L	691_P	0.0321	0.872	0.332
193	285	193_T	285_Y	0.0321	0.871	0.331
894	918	894_V	918_L	0.0321	0.871	0.331
567	583	567_L	583_W	0.0320	0.871	0.331
5	11	5_E	11_A	0.0320	0.870	0.330
689	756	689_L	756_L	0.0320	0.870	0.330
704	923	704_V	923_D	0.0320	0.870	0.330
4	8	4_V	8_S	0.0320	0.869	0.329
505	544	505_L	544_L	0.0319	0.869	0.329
689	742	689_L	742_T	0.0319	0.866	0.326
402	411	402_L	411_C	0.0318	0.865	0.325
417	422	417_E	422_S	0.0318	0.865	0.325
35	422	35_L	422_S	0.0318	0.863	0.324
71	508	71_I	508_E	0.0318	0.863	0.324
151	641	151_Q	641_L	0.0318	0.863	0.324
750	783	750_G	783_G	0.0318	0.863	0.324
507	898	507_V	898_G	0.0317	0.862	0.323
6	9	6_R	9_Q	0.0317	0.861	0.322
479	672	479_E	672_T	0.0317	0.861	0.322
845	870	845_A	870_I	0.0316	0.859	0.320
190	950	190_P	950_R	0.0316	0.859	0.320
481	491	481_T	491_V	0.0316	0.859	0.320
138	144	138_R	144_A	0.0315	0.858	0.319
527	535	527_A	535_S	0.0315	0.857	0.318
410	417	410_P	417_E	0.0315	0.857	0.318
158	242	158_L	242_M	0.0315	0.857	0.318
465	474	465_L	474_V	0.0315	0.856	0.317
181	381	181_L	381_Y	0.0315	0.856	0.317
752	820	752_Y	820_P	0.0315	0.856	0.317
54	455	54_E	455_S	0.0315	0.856	0.317
458	812	458_V	812_C	0.0315	0.855	0.316
704	942	704_V	942_R	0.0315	0.855	0.316
40	43	40_P	43_P	0.0314	0.854	0.315
524	662	524_I	662_L	0.0314	0.854	0.315
462	807	462_T	807_S	0.0314	0.854	0.315
278	296	278_L	296_L	0.0313	0.852	0.314
787	817	787_R	817_P	0.0313	0.852	0.314
7	10	7_K	10_S	0.0313	0.851	0.313
840	923	840_N	923_D	0.0313	0.851	0.313
261	299	261_T	299_E	0.0313	0.851	0.313
35	478	35_L	478_L	0.0313	0.850	0.312
200	285	200_L	285_Y	0.0313	0.850	0.312
527	637	527_A	637_S	0.0313	0.850	0.312
438	938	438_T	938_G	0.0313	0.850	0.312
606	832	606_Y	832_S	0.0312	0.850	0.312
474	569	474_V	569_L	0.0312	0.849	0.311
372	378	372_L	378_E	0.0312	0.849	0.311
436	910	436_E	910_F	0.0312	0.849	0.311
461	501	461_L	501_P	0.0312	0.849	0.311
373	668	373_R	668_I	0.0312	0.849	0.311
286	843	286_L	843_S	0.0312	0.848	0.310
242	326	242_M	326_R	0.0312	0.847	0.309
118	197	118_A	197_L	0.0311	0.846	0.308
397	431	397_A	431_D	0.0311	0.846	0.308
121	445	121_F	445_L	0.0311	0.846	0.308
212	461	212_V	461_L	0.0311	0.845	0.307
325	807	325_M	807_S	0.0311	0.845	0.307
449	721	449_Y	721_F	0.0311	0.845	0.307
229	418	229_R	418_G	0.0311	0.844	0.306
218	248	218_R	248_D	0.0310	0.844	0.306
615	702	615_F	702_Y	0.0310	0.843	0.305
480	850	480_V	850_G	0.0310	0.843	0.305
54	127	54_E	127_H	0.0310	0.842	0.305
388	660	388_A	660_L	0.0310	0.842	0.305
735	872	735_A	872_A	0.0309	0.841	0.304
383	417	383_R	417_E	0.0309	0.841	0.304
676	702	676_D	702_Y	0.0308	0.839	0.302
238	242	238_S	242_M	0.0308	0.839	0.302
162	569	162_A	569_L	0.0308	0.838	0.301
246	294	246_A	294_L	0.0308	0.837	0.300
391	507	391_Q	507_V	0.0308	0.836	0.299
61	72	61_Y	72_K	0.0307	0.836	0.299
909	927	909_L	927_F	0.0307	0.836	0.299
27	384	27_N	384_E	0.0307	0.835	0.298
46	54	46_G	54_E	0.0307	0.834	0.297
680	764	680_I	764_E	0.0307	0.834	0.297
410	422	410_P	422_S	0.0307	0.833	0.297
201	281	201_V	281_L	0.0306	0.833	0.297
375	468	375_F	468_M	0.0306	0.833	0.297
901	927	901_F	927_F	0.0306	0.833	0.297
449	842	449_Y	842_L	0.0306	0.833	0.297
88	120	88_V	120_D	0.0306	0.832	0.296
186	196	186_L	196_G	0.0306	0.832	0.296
130	524	130_I	524_I	0.0306	0.832	0.296
86	263	86_V	263_S	0.0306	0.831	0.295
671	780	671_F	780_G	0.0306	0.831	0.295
181	321	181_L	321_R	0.0306	0.831	0.295
196	704	196_G	704_V	0.0306	0.831	0.295
381	385	381_Y	385_A	0.0306	0.831	0.295
783	819	783_G	819_Y	0.0306	0.831	0.295
520	565	520_S	565_A	0.0306	0.831	0.295
437	753	437_L	753_D	0.0305	0.830	0.294
56	584	56_V	584_F	0.0305	0.830	0.294
372	424	372_L	424_G	0.0305	0.828	0.292
606	921	606_Y	921_Y	0.0305	0.828	0.292
137	429	137_W	429_K	0.0305	0.828	0.292
890	930	890_L	930_L	0.0304	0.827	0.291
483	796	483_R	796_D	0.0304	0.827	0.291
655	660	655_V	660_L	0.0304	0.827	0.291
596	894	596_W	894_V	0.0304	0.826	0.290
26	680	26_I	680_I	0.0304	0.826	0.290
658	690	658_D	690_R	0.0304	0.825	0.290
58	155	58_F	155_S	0.0303	0.825	0.290
125	418	125_F	418_G	0.0303	0.824	0.289
399	558	399_M	558_L	0.0303	0.824	0.289
718	740	718_Y	740_Y	0.0303	0.823	0.288
937	940	937_E	940_C	0.0303	0.823	0.288
388	418	388_A	418_G	0.0302	0.822	0.287
707	855	707_V	855_Y	0.0302	0.822	0.287
449	609	449_Y	609_L	0.0302	0.821	0.286
203	873	203_L	873_V	0.0302	0.821	0.286
26	505	26_I	505_L	0.0302	0.821	0.286
706	876	706_A	876_H	0.0302	0.821	0.286
250	433	250_N	433_D	0.0302	0.820	0.285
57	127	57_R	127_H	0.0302	0.820	0.285
704	735	704_V	735_A	0.0301	0.819	0.284
261	267	261_T	267_G	0.0301	0.819	0.284
458	920	458_V	920_L	0.0301	0.819	0.284
721	888	721_F	888_R	0.0301	0.818	0.284
158	445	158_L	445_L	0.0301	0.817	0.283
170	205	170_A	205_A	0.0300	0.817	0.283
458	664	458_V	664_C	0.0300	0.816	0.282
86	913	86_V	913_M	0.0300	0.816	0.282
460	630	460_A	630_V	0.0300	0.816	0.282
217	623	217_R	623_H	0.0300	0.816	0.282
419	423	419_F	423_M	0.0300	0.816	0.282
840	917	840_N	917_F	0.0300	0.816	0.282
226	242	226_L	242_M	0.0300	0.815	0.281
386	414	386_G	414_R	0.0300	0.815	0.281
420	477	420_A	477_G	0.0300	0.815	0.281
526	661	526_F	661_C	0.0300	0.815	0.281
424	916	424_G	916_R	0.0300	0.814	0.280
789	796	789_A	796_D	0.0300	0.814	0.280
440	726	440_S	726_H	0.0299	0.813	0.279
451	702	451_R	702_Y	0.0299	0.813	0.279
623	840	623_H	840_N	0.0299	0.813	0.279
289	923	289_R	923_D	0.0299	0.812	0.278
383	413	383_R	413_E	0.0299	0.812	0.278
200	460	200_L	460_A	0.0299	0.812	0.278
896	910	896_L	910_F	0.0299	0.812	0.278
180	281	180_F	281_L	0.0299	0.812	0.278
212	831	212_V	831_M	0.0299	0.812	0.278
476	657	476_A	657_D	0.0298	0.811	0.278
622	919	622_V	919_A	0.0298	0.811	0.278
255	842	255_L	842_L	0.0298	0.810	0.277
92	105	92_G	105_I	0.0298	0.810	0.277
674	777	674_E	777_R	0.0298	0.810	0.277
589	687	589_F	687_Y	0.0298	0.810	0.277
655	786	655_V	786_P	0.0298	0.810	0.277
105	265	105_I	265_V	0.0298	0.809	0.276
244	474	244_D	474_V	0.0298	0.809	0.276
478	640	478_L	640_D	0.0298	0.809	0.276
836	921	836_T	921_Y	0.0297	0.809	0.276
484	675	484_P	675_A	0.0297	0.808	0.275
16	38	16_I	38_S	0.0297	0.808	0.275
137	144	137_W	144_A	0.0297	0.808	0.275
480	832	480_V	832_S	0.0297	0.808	0.275
255	264	255_L	264_E	0.0297	0.808	0.275
421	620	421_F	620_M	0.0297	0.807	0.274
892	899	892_V	899_N	0.0297	0.807	0.274
30	126	30_R	126_S	0.0297	0.807	0.274
837	921	837_G	921_Y	0.0297	0.807	0.274
741	756	741_H	756_L	0.0297	0.807	0.274
30	33	30_R	33_Q	0.0296	0.806	0.273
140	429	140_Y	429_K	0.0296	0.806	0.273
449	790	449_Y	790_L	0.0296	0.806	0.273
384	715	384_E	715_S	0.0296	0.806	0.273
429	450	429_K	450_L	0.0296	0.805	0.273
934	937	934_V	937_E	0.0296	0.805	0.273
57	83	57_R	83_P	0.0296	0.804	0.272
544	641	544_L	641_L	0.0296	0.804	0.272
235	701	235_S	701_I	0.0296	0.804	0.272
83	614	83_P	614_T	0.0296	0.804	0.272
139	856	139_K	856_N	0.0296	0.804	0.272
457	811	457_S	811_L	0.0296	0.804	0.272
257	278	257_L	278_L	0.0295	0.803	0.271
56	474	56_V	474_V	0.0295	0.803	0.271
64	811	64_M	811_L	0.0295	0.802	0.270
99	416	99_P	416_F	0.0295	0.801	0.269
111	127	111_Q	127_H	0.0294	0.800	0.268
192	645	192_R	645_L	0.0294	0.800	0.268
203	537	203_L	537_V	0.0294	0.800	0.268
503	534	503_N	534_W	0.0294	0.800	0.268
502	537	502_L	537_V	0.0294	0.800	0.268
126	584	126_S	584_F	0.0294	0.800	0.268
164	560	164_L	560_M	0.0294	0.800	0.268
473	938	473_T	938_G	0.0294	0.800	0.268
86	245	86_V	245_H	0.0294	0.799	0.268
689	774	689_L	774_L	0.0294	0.799	0.268
501	541	501_P	541_R	0.0294	0.799	0.268
412	753	412_V	753_D	0.0294	0.798	0.267
790	795	790_L	795_L	0.0294	0.798	0.267
323	704	323_A	704_V	0.0293	0.798	0.267
524	775	524_I	775_S	0.0293	0.798	0.267
222	474	222_L	474_V	0.0293	0.797	0.266
433	667	433_D	667_V	0.0293	0.797	0.266
440	618	440_S	618_K	0.0293	0.797	0.266
217	249	217_R	249_V	0.0293	0.797	0.266
374	617	374_Y	617_E	0.0293	0.797	0.266
458	591	458_V	591_E	0.0293	0.796	0.265
212	894	212_V	894_V	0.0293	0.796	0.265
235	238	235_S	238_S	0.0293	0.796	0.265
255	584	255_L	584_F	0.0293	0.796	0.265
434	437	434_L	437_L	0.0293	0.796	0.265
87	701	87_H	701_I	0.0293	0.796	0.265
143	757	143_P	757_I	0.0293	0.796	0.265
199	544	199_S	544_L	0.0293	0.796	0.265
220	248	220_I	248_D	0.0293	0.796	0.265
586	623	586_P	623_H	0.0293	0.796	0.265
704	883	704_V	883_K	0.0293	0.795	0.264
473	704	473_T	704_V	0.0292	0.795	0.264
223	282	223_K	282_L	0.0292	0.794	0.263
367	370	367_M	370_L	0.0292	0.794	0.263
506	638	506_A	638_G	0.0292	0.794	0.263
440	468	440_S	468_M	0.0292	0.794	0.263
445	775	445_L	775_S	0.0292	0.794	0.263
253	309	253_V	309_S	0.0291	0.793	0.263
256	295	256_Q	295_Q	0.0291	0.793	0.263
377	427	377_A	427_R	0.0291	0.793	0.263
30	34	30_R	34_L	0.0291	0.792	0.262
710	775	710_S	775_S	0.0291	0.792	0.262
19	23	19_Y	23_L	0.0291	0.792	0.262
269	296	269_L	296_L	0.0291	0.792	0.262
543	618	543_S	618_K	0.0291	0.792	0.262
558	691	558_L	691_P	0.0291	0.792	0.262
445	560	445_L	560_M	0.0291	0.791	0.261
175	918	175_T	918_L	0.0291	0.791	0.261
257	665	257_L	665_V	0.0291	0.791	0.261
372	396	372_L	396_R	0.0291	0.791	0.261
673	692	673_L	692_K	0.0291	0.791	0.261
25	507	25_Y	507_V	0.0291	0.791	0.261
547	553	547_A	553_S	0.0291	0.791	0.261
588	855	588_G	855_Y	0.0291	0.791	0.261
482	485	482_S	485_V	0.0291	0.790	0.260
482	492	482_S	492_C	0.0291	0.790	0.260
79	257	79_E	257_L	0.0290	0.790	0.260
100	491	100_L	491_V	0.0290	0.789	0.259
327	892	327_T	892_V	0.0290	0.789	0.259
667	910	667_V	910_F	0.0290	0.789	0.259
562	908	562_K	908_H	0.0290	0.788	0.259
253	290	253_V	290_L	0.0290	0.788	0.259
21	894	21_K	894_V	0.0290	0.788	0.259
35	156	35_L	156_Q	0.0290	0.787	0.258
444	721	444_M	721_F	0.0290	0.787	0.258
91	837	91_M	837_G	0.0289	0.787	0.258
321	610	321_R	610_L	0.0289	0.786	0.257
413	417	413_E	417_E	0.0289	0.786	0.257
197	282	197_L	282_L	0.0289	0.786	0.257
438	920	438_T	920_L	0.0289	0.786	0.257
67	786	67_P	786_P	0.0289	0.785	0.256
473	776	473_T	776_L	0.0289	0.785	0.256
675	701	675_A	701_I	0.0289	0.785	0.256
100	616	100_L	616_R	0.0289	0.785	0.256
407	411	407_T	411_C	0.0289	0.785	0.256
438	449	438_T	449_Y	0.0289	0.785	0.256
606	721	606_Y	721_F	0.0289	0.785	0.256
146	155	146_F	155_S	0.0288	0.784	0.255
158	164	158_L	164_L	0.0288	0.783	0.255
458	545	458_V	545_Y	0.0288	0.783	0.255
900	910	900_G	910_F	0.0288	0.782	0.254
216	293	216_D	293_R	0.0288	0.782	0.254
106	146	106_S	146_F	0.0288	0.782	0.254
386	444	386_G	444_M	0.0288	0.782	0.254
513	521	513_T	521_V	0.0288	0.782	0.254
290	293	290_L	293_R	0.0287	0.781	0.253
99	418	99_P	418_G	0.0287	0.781	0.253
257	260	257_L	260_Q	0.0287	0.781	0.253
318	508	318_Q	508_E	0.0287	0.781	0.253
701	778	701_I	778_I	0.0287	0.781	0.253
193	652	193_T	652_D	0.0287	0.780	0.252
371	910	371_T	910_F	0.0287	0.780	0.252
386	502	386_G	502_L	0.0287	0.780	0.252
436	884	436_E	884_G	0.0287	0.780	0.252
390	645	390_A	645_L	0.0286	0.779	0.251
435	492	435_P	492_C	0.0286	0.779	0.251
380	549	380_R	549_E	0.0286	0.778	0.251
309	681	309_S	681_N	0.0286	0.778	0.251
135	849	135_R	849_R	0.0286	0.777	0.250
115	393	115_H	393_H	0.0286	0.777	0.250
270	901	270_P	901_F	0.0286	0.777	0.250
443	744	443_S	744_V	0.0286	0.777	0.250
17	21	17_T	21_K	0.0286	0.777	0.250
173	177	173_I	177_V	0.0286	0.777	0.250
510	850	510_V	850_G	0.0286	0.777	0.250
660	837	660_L	837_G	0.0286	0.777	0.250
676	698	676_D	698_Y	0.0285	0.776	0.249
372	375	372_L	375_F	0.0285	0.776	0.249
505	691	505_L	691_P	0.0285	0.776	0.249
468	480	468_M	480_V	0.0285	0.775	0.248
532	539	532_A	539_L	0.0285	0.775	0.248
609	854	609_L	854_L	0.0285	0.775	0.248
645	928	645_L	928_N	0.0285	0.775	0.248
836	850	836_T	850_G	0.0285	0.775	0.248
939	942	939_K	942_R	0.0285	0.775	0.248
674	775	674_E	775_S	0.0285	0.775	0.248
580	583	580_I	583_W	0.0285	0.774	0.247
389	425	389_F	425_R	0.0285	0.774	0.247
706	894	706_A	894_V	0.0284	0.774	0.247
478	754	478_L	754_T	0.0284	0.773	0.247
184	898	184_L	898_G	0.0284	0.773	0.247
265	324	265_V	324_V	0.0284	0.773	0.247
622	729	622_V	729_G	0.0284	0.773	0.247
86	437	86_V	437_L	0.0284	0.772	0.246
387	540	387_K	540_H	0.0284	0.772	0.246
808	916	808_V	916_R	0.0284	0.772	0.246
27	910	27_N	910_F	0.0284	0.772	0.246
420	467	420_A	467_V	0.0284	0.772	0.246
425	588	425_R	588_G	0.0284	0.772	0.246
221	245	221_P	245_H	0.0284	0.772	0.246
367	372	367_M	372_L	0.0284	0.771	0.245
497	667	497_T	667_V	0.0284	0.771	0.245
893	931	893_E	931_T	0.0284	0.771	0.245
492	782	492_C	782_N	0.0284	0.771	0.245
133	294	133_Y	294_L	0.0283	0.771	0.245
21	242	21_K	242_M	0.0283	0.770	0.244
127	668	127_H	668_I	0.0283	0.770	0.244
432	450	432_D	450_L	0.0283	0.770	0.244
475	580	475_P	580_I	0.0283	0.770	0.244
522	559	522_L	559_M	0.0283	0.769	0.244
318	383	318_Q	383_R	0.0283	0.769	0.244
234	239	234_V	239_R	0.0283	0.769	0.244
641	705	641_L	705_D	0.0283	0.768	0.243
307	420	307_R	420_A	0.0282	0.768	0.243
830	946	830_V	946_N	0.0282	0.768	0.243
141	183	141_S	183_L	0.0282	0.768	0.243
144	899	144_A	899_N	0.0282	0.768	0.243
505	590	505_L	590_A	0.0282	0.768	0.243
62	411	62_P	411_C	0.0282	0.767	0.242
294	608	294_L	608_L	0.0282	0.767	0.242
650	868	650_P	868_D	0.0282	0.767	0.242
369	405	369_D	405_A	0.0282	0.767	0.242
481	493	481_T	493_R	0.0282	0.767	0.242
696	783	696_D	783_G	0.0282	0.766	0.241
253	924	253_V	924_M	0.0282	0.766	0.241
268	278	268_W	278_L	0.0282	0.766	0.241
268	842	268_W	842_L	0.0282	0.766	0.241
17	170	17_T	170_A	0.0282	0.766	0.241
217	507	217_R	507_V	0.0282	0.766	0.241
255	604	255_L	604_S	0.0282	0.765	0.240
420	496	420_A	496_T	0.0282	0.765	0.240
566	622	566_A	622_V	0.0281	0.765	0.240
477	579	477_G	579_R	0.0281	0.765	0.240
390	790	390_A	790_L	0.0281	0.764	0.240
798	808	798_C	808_V	0.0281	0.764	0.240
866	934	866_R	934_V	0.0281	0.764	0.240
34	546	34_L	546_L	0.0281	0.763	0.239
99	324	99_P	324_V	0.0281	0.763	0.239
534	619	534_W	619_F	0.0281	0.763	0.239
163	588	163_R	588_G	0.0280	0.763	0.239
431	477	431_D	477_G	0.0280	0.763	0.239
799	805	799_E	805_P	0.0280	0.762	0.238
59	123	59_C	123_D	0.0280	0.762	0.238
90	707	90_F	707_V	0.0280	0.762	0.238
11	949	11_A	949_P	0.0280	0.762	0.238
182	601	182_A	601_S	0.0280	0.761	0.237
566	579	566_A	579_R	0.0280	0.761	0.237
416	912	416_F	912_E	0.0280	0.761	0.237
472	869	472_E	869_A	0.0280	0.761	0.237
704	740	704_V	740_Y	0.0280	0.761	0.237
408	811	408_P	811_L	0.0280	0.760	0.237
67	248	67_P	248_D	0.0280	0.760	0.237
854	867	854_L	867_L	0.0280	0.760	0.237
169	832	169_C	832_S	0.0279	0.760	0.237
10	13	10_S	13_A	0.0279	0.760	0.237
592	668	592_E	668_I	0.0279	0.760	0.237
70	419	70_E	419_F	0.0279	0.759	0.236
460	660	460_A	660_L	0.0279	0.759	0.236
663	740	663_H	740_Y	0.0279	0.759	0.236
187	326	187_M	326_R	0.0279	0.759	0.236
289	757	289_R	757_I	0.0279	0.759	0.236
442	831	442_V	831_M	0.0279	0.759	0.236
176	928	176_P	928_N	0.0279	0.759	0.236
720	815	720_P	815_T	0.0279	0.758	0.235
738	922	738_R	922_A	0.0279	0.758	0.235
544	660	544_L	660_L	0.0279	0.758	0.235
160	424	160_G	424_G	0.0279	0.757	0.234
482	491	482_S	491_V	0.0279	0.757	0.234
598	602	598_K	602_A	0.0279	0.757	0.234
60	109	60_P	109_A	0.0278	0.757	0.234
294	658	294_L	658_D	0.0278	0.757	0.234
482	537	482_S	537_V	0.0278	0.757	0.234
374	377	374_Y	377_A	0.0278	0.756	0.234
526	542	526_F	542_L	0.0278	0.756	0.234
694	832	694_L	832_S	0.0278	0.756	0.234
836	840	836_T	840_N	0.0278	0.756	0.234
40	54	40_P	54_E	0.0278	0.755	0.233
500	663	500_I	663_H	0.0278	0.755	0.233
64	168	64_M	168_G	0.0278	0.755	0.233
57	664	57_R	664_C	0.0278	0.754	0.232
111	117	111_Q	117_A	0.0278	0.754	0.232
140	436	140_Y	436_E	0.0278	0.754	0.232
262	298	262_G	298_V	0.0277	0.754	0.232
374	424	374_Y	424_G	0.0277	0.754	0.232
633	756	633_P	756_L	0.0277	0.754	0.232
66	134	66_F	134_Y	0.0277	0.754	0.232
726	920	726_H	920_L	0.0277	0.753	0.231
268	274	268_W	274_L	0.0277	0.753	0.231
431	701	431_D	701_I	0.0277	0.753	0.231
71	940	71_I	940_C	0.0277	0.753	0.231
414	421	414_R	421_F	0.0277	0.753	0.231
5	12	5_E	12_P	0.0277	0.753	0.231
33	147	33_Q	147_E	0.0277	0.753	0.231
93	151	93_L	151_Q	0.0277	0.752	0.231
617	812	617_E	812_C	0.0277	0.752	0.231
371	790	371_T	790_L	0.0277	0.752	0.231
71	614	71_I	614_T	0.0277	0.752	0.231
684	914	684_E	914_L	0.0277	0.752	0.231
27	685	27_N	685_S	0.0276	0.751	0.230
182	203	182_A	203_L	0.0276	0.751	0.230
107	418	107_D	418_G	0.0276	0.750	0.229
187	204	187_M	204_L	0.0276	0.750	0.229
239	882	239_R	882_E	0.0276	0.749	0.228
464	476	464_R	476_A	0.0276	0.749	0.228
897	936	897_D	936_P	0.0276	0.749	0.228
64	105	64_M	105_I	0.0275	0.749	0.228
377	615	377_A	615_F	0.0275	0.749	0.228
122	186	122_L	186_L	0.0275	0.748	0.228
137	141	137_W	141_S	0.0275	0.748	0.228
373	377	373_R	377_A	0.0275	0.748	0.228
51	118	51_A	118_A	0.0275	0.748	0.228
474	863	474_V	863_N	0.0275	0.748	0.228
505	703	505_L	703_S	0.0275	0.748	0.228
434	783	434_L	783_G	0.0275	0.747	0.227
273	475	273_H	475_P	0.0275	0.747	0.227
702	705	702_Y	705_D	0.0275	0.747	0.227
871	895	871_L	895_T	0.0275	0.747	0.227
310	317	310_C	317_P	0.0274	0.746	0.226
381	919	381_Y	919_A	0.0274	0.746	0.226
87	691	87_H	691_P	0.0274	0.746	0.226
285	928	285_Y	928_N	0.0274	0.746	0.226
128	378	128_R	378_E	0.0274	0.746	0.226
784	817	784_Q	817_P	0.0274	0.746	0.226
146	449	146_F	449_Y	0.0274	0.745	0.225
260	298	260_Q	298_V	0.0274	0.745	0.225
404	430	404_K	430_I	0.0274	0.745	0.225
416	597	416_F	597_P	0.0274	0.745	0.225
125	852	125_F	852_L	0.0274	0.745	0.225
667	811	667_V	811_L	0.0274	0.744	0.225
567	580	567_L	580_I	0.0274	0.744	0.225
99	381	99_P	381_Y	0.0273	0.744	0.225
461	808	461_L	808_V	0.0273	0.744	0.225
152	851	152_D	851_T	0.0273	0.743	0.224
108	118	108_I	118_A	0.0273	0.743	0.224
318	507	318_Q	507_V	0.0273	0.743	0.224
47	139	47_S	139_K	0.0273	0.743	0.224
507	663	507_V	663_H	0.0273	0.743	0.224
593	681	593_D	681_N	0.0273	0.743	0.224
58	642	58_F	642_E	0.0273	0.742	0.223
281	294	281_L	294_L	0.0273	0.741	0.222
226	657	226_L	657_D	0.0273	0.741	0.222
316	458	316_S	458_V	0.0273	0.741	0.222
507	536	507_V	536_Q	0.0273	0.741	0.222
619	663	619_F	663_H	0.0273	0.741	0.222
756	914	756_L	914_L	0.0272	0.741	0.222
12	950	12_P	950_R	0.0272	0.740	0.222
92	432	92_G	432_D	0.0272	0.740	0.222
408	416	408_P	416_F	0.0272	0.740	0.222
703	767	703_S	767_R	0.0272	0.740	0.222
64	184	64_M	184_L	0.0272	0.739	0.221
558	908	558_L	908_H	0.0272	0.739	0.221
474	641	474_V	641_L	0.0272	0.738	0.220
870	908	870_I	908_H	0.0272	0.738	0.220
83	491	83_P	491_V	0.0271	0.738	0.220
873	896	873_V	896_L	0.0271	0.738	0.220
896	934	896_L	934_V	0.0271	0.738	0.220
449	928	449_Y	928_N	0.0271	0.737	0.220
158	665	158_L	665_V	0.0271	0.737	0.220
198	201	198_T	201_V	0.0271	0.736	0.219
678	782	678_L	782_N	0.0271	0.736	0.219
420	424	420_A	424_G	0.0271	0.736	0.219
590	873	590_A	873_V	0.0271	0.736	0.219
877	932	877_R	932_L	0.0271	0.736	0.219
158	518	158_L	518_G	0.0271	0.736	0.219
73	307	73_D	307_R	0.0271	0.735	0.218
214	425	214_H	425_R	0.0271	0.735	0.218
390	546	390_A	546_L	0.0271	0.735	0.218
931	939	931_T	939_K	0.0271	0.735	0.218
174	207	174_A	207_G	0.0270	0.735	0.218
915	918	915_N	918_L	0.0270	0.735	0.218
115	399	115_H	399_M	0.0270	0.735	0.218
507	657	507_V	657_D	0.0270	0.734	0.217
868	916	868_D	916_R	0.0270	0.734	0.217
27	894	27_N	894_V	0.0270	0.734	0.217
120	392	120_D	392_A	0.0270	0.734	0.217
485	790	485_V	790_L	0.0270	0.734	0.217
546	557	546_L	557_H	0.0270	0.734	0.217
390	541	390_A	541_R	0.0270	0.734	0.217
378	383	378_E	383_R	0.0270	0.733	0.217
510	544	510_V	544_L	0.0270	0.733	0.217
606	855	606_Y	855_Y	0.0270	0.733	0.217
99	408	99_P	408_P	0.0270	0.733	0.217
556	703	556_L	703_S	0.0270	0.733	0.217
799	803	799_E	803_Q	0.0270	0.733	0.217
255	634	255_L	634_A	0.0269	0.732	0.216
812	910	812_C	910_F	0.0269	0.732	0.216
438	831	438_T	831_M	0.0269	0.732	0.216
533	536	533_D	536_Q	0.0269	0.732	0.216
15	678	15_L	678_L	0.0269	0.732	0.216
137	367	137_W	367_M	0.0269	0.732	0.216
549	552	549_E	552_V	0.0269	0.732	0.216
434	438	434_L	438_T	0.0269	0.731	0.215
173	280	173_I	280_A	0.0269	0.731	0.215
448	598	448_H	598_K	0.0269	0.731	0.215
122	474	122_L	474_V	0.0269	0.730	0.215
445	531	445_L	531_L	0.0269	0.730	0.215
548	921	548_A	921_Y	0.0269	0.730	0.215
39	84	39_Q	84_P	0.0268	0.730	0.215
96	390	96_V	390_A	0.0268	0.730	0.215
458	872	458_V	872_A	0.0268	0.730	0.215
643	716	643_V	716_A	0.0268	0.730	0.215
491	545	491_V	545_Y	0.0268	0.729	0.214
434	456	434_L	456_L	0.0268	0.729	0.214
588	611	588_G	611_E	0.0268	0.729	0.214
612	781	612_Y	781_T	0.0268	0.728	0.213
59	87	59_C	87_H	0.0268	0.728	0.213
593	836	593_D	836_T	0.0268	0.728	0.213
618	745	618_K	745_K	0.0268	0.728	0.213
480	869	480_V	869_A	0.0268	0.728	0.213
494	840	494_Y	840_N	0.0268	0.728	0.213
676	688	676_D	688_L	0.0268	0.728	0.213
26	754	26_I	754_T	0.0268	0.728	0.213
268	319	268_W	319_L	0.0268	0.728	0.213
505	876	505_L	876_H	0.0268	0.728	0.213
528	709	528_C	709_G	0.0268	0.728	0.213
169	869	169_C	869_A	0.0267	0.727	0.212
146	739	146_F	739_Y	0.0267	0.727	0.212
829	850	829_R	850_G	0.0267	0.727	0.212
35	668	35_L	668_I	0.0267	0.727	0.212
122	147	122_L	147_E	0.0267	0.727	0.212
518	644	518_G	644_V	0.0267	0.727	0.212
58	501	58_F	501_P	0.0267	0.726	0.212
28	67	28_F	67_P	0.0267	0.726	0.212
505	888	505_L	888_R	0.0267	0.726	0.212
506	622	506_A	622_V	0.0267	0.726	0.212
299	582	299_E	582_G	0.0267	0.726	0.212
569	815	569_L	815_T	0.0267	0.725	0.211
612	866	612_Y	866_R	0.0267	0.725	0.211
221	310	221_P	310_C	0.0267	0.725	0.211
641	753	641_L	753_D	0.0267	0.725	0.211
255	933	255_L	933_I	0.0266	0.724	0.210
763	910	763_W	910_F	0.0266	0.724	0.210
397	415	397_A	415_L	0.0266	0.724	0.210
453	610	453_I	610_L	0.0266	0.724	0.210
507	624	507_V	624_L	0.0266	0.724	0.210
27	429	27_N	429_K	0.0266	0.724	0.210
211	665	211_R	665_V	0.0266	0.724	0.210
241	246	241_V	246_A	0.0266	0.724	0.210
97	265	97_T	265_V	0.0266	0.723	0.210
151	522	151_Q	522_L	0.0266	0.723	0.210
127	152	127_H	152_D	0.0266	0.723	0.210
742	754	742_T	754_T	0.0266	0.723	0.210
99	819	99_P	819_Y	0.0266	0.723	0.210
246	506	246_A	506_A	0.0266	0.723	0.210
18	683	18_R	683_L	0.0265	0.722	0.209
449	598	449_Y	598_K	0.0265	0.722	0.209
548	613	548_A	613_F	0.0265	0.722	0.209
603	838	603_F	838_F	0.0265	0.721	0.208
153	157	153_K	157_Y	0.0265	0.721	0.208
86	687	86_V	687_Y	0.0265	0.721	0.208
125	664	125_F	664_C	0.0265	0.721	0.208
272	506	272_G	506_A	0.0265	0.720	0.208
417	423	417_E	423_M	0.0265	0.720	0.208
566	617	566_A	617_E	0.0265	0.720	0.208
496	831	496_T	831_M	0.0265	0.720	0.208
160	832	160_G	832_S	0.0265	0.719	0.207
443	500	443_S	500_I	0.0265	0.719	0.207
835	847	835_G	847_V	0.0265	0.719	0.207
530	541	530_E	541_R	0.0265	0.719	0.207
158	743	158_L	743_R	0.0264	0.719	0.207
229	692	229_R	692_K	0.0264	0.719	0.207
161	438	161_L	438_T	0.0264	0.719	0.207
253	448	253_V	448_H	0.0264	0.718	0.206
539	843	539_L	843_S	0.0264	0.718	0.206
586	756	586_P	756_L	0.0264	0.718	0.206
263	457	263_S	457_S	0.0264	0.718	0.206
537	686	537_V	686_E	0.0264	0.718	0.206
235	257	235_S	257_L	0.0264	0.718	0.206
318	510	318_Q	510_V	0.0264	0.718	0.206
471	501	471_A	501_P	0.0264	0.718	0.206
113	459	113_E	459_V	0.0264	0.717	0.205
584	643	584_F	643_V	0.0264	0.717	0.205
203	600	203_L	600_D	0.0263	0.716	0.205
183	663	183_L	663_H	0.0263	0.716	0.205
294	894	294_L	894_V	0.0263	0.716	0.205
744	752	744_V	752_Y	0.0263	0.716	0.205
245	268	245_H	268_W	0.0263	0.715	0.204
132	910	132_Q	910_F	0.0263	0.715	0.204
297	303	297_C	303_L	0.0263	0.715	0.204
27	756	27_N	756_L	0.0263	0.715	0.204
74	574	74_A	574_N	0.0263	0.715	0.204
475	597	475_P	597_P	0.0263	0.715	0.204
804	915	804_A	915_N	0.0263	0.715	0.204
126	130	126_S	130_I	0.0263	0.715	0.204
528	533	528_C	533_D	0.0263	0.715	0.204
777	913	777_R	913_M	0.0263	0.715	0.204
100	720	100_L	720_P	0.0262	0.714	0.203
557	909	557_H	909_L	0.0262	0.714	0.203
295	306	295_Q	306_A	0.0262	0.713	0.203
192	196	192_R	196_G	0.0262	0.713	0.203
56	131	56_V	131_T	0.0262	0.713	0.203
255	617	255_L	617_E	0.0262	0.713	0.203
626	771	626_G	771_R	0.0262	0.713	0.203
213	722	213_W	722_T	0.0262	0.712	0.202
396	426	396_R	426_L	0.0262	0.712	0.202
505	911	505_L	911_G	0.0262	0.712	0.202
657	713	657_D	713_T	0.0262	0.712	0.202
239	580	239_R	580_I	0.0262	0.712	0.202
619	667	619_F	667_V	0.0262	0.712	0.202
71	716	71_I	716_A	0.0262	0.712	0.202
577	668	577_R	668_I	0.0262	0.712	0.202
142	146	142_Y	146_F	0.0262	0.712	0.202
520	548	520_S	548_A	0.0262	0.712	0.202
726	850	726_H	850_G	0.0262	0.712	0.202
49	430	49_W	430_I	0.0261	0.711	0.201
741	831	741_H	831_M	0.0261	0.711	0.201
224	526	224_T	526_F	0.0261	0.711	0.201
263	310	263_S	310_C	0.0261	0.710	0.201
253	708	253_V	708_T	0.0261	0.710	0.201
328	641	328_Q	641_L	0.0261	0.710	0.201
400	409	400_L	409_D	0.0261	0.710	0.201
446	923	446_W	923_D	0.0261	0.710	0.201
519	835	519_R	835_G	0.0261	0.710	0.201
134	458	134_Y	458_V	0.0261	0.710	0.201
63	619	63_G	619_F	0.0261	0.709	0.200
241	896	241_V	896_L	0.0261	0.709	0.200
108	440	108_I	440_S	0.0261	0.709	0.200
187	597	187_M	597_P	0.0261	0.709	0.200
328	918	328_Q	918_L	0.0261	0.709	0.200
478	705	478_L	705_D	0.0261	0.709	0.200
28	94	28_F	94_Y	0.0261	0.709	0.200
671	782	671_F	782_N	0.0261	0.709	0.200
813	898	813_K	898_G	0.0261	0.709	0.200
897	900	897_D	900_G	0.0261	0.709	0.200
26	928	26_I	928_N	0.0261	0.708	0.199
842	892	842_L	892_V	0.0261	0.708	0.199
201	777	201_V	777_R	0.0260	0.708	0.199
56	545	56_V	545_Y	0.0260	0.708	0.199
201	704	201_V	704_V	0.0260	0.708	0.199
220	879	220_I	879_Q	0.0260	0.707	0.199
545	676	545_Y	676_D	0.0260	0.707	0.199
158	927	158_L	927_F	0.0260	0.706	0.198
177	839	177_V	839_L	0.0260	0.706	0.198
260	265	260_Q	265_V	0.0260	0.706	0.198
287	419	287_G	419_F	0.0260	0.706	0.198
457	810	457_S	810_N	0.0260	0.706	0.198
899	919	899_N	919_A	0.0260	0.706	0.198
193	603	193_T	603_F	0.0260	0.706	0.198
689	757	689_L	757_I	0.0260	0.706	0.198
852	867	852_L	867_L	0.0260	0.706	0.198
185	639	185_P	639_F	0.0260	0.706	0.198
242	778	242_M	778_I	0.0260	0.706	0.198
404	939	404_K	939_K	0.0260	0.706	0.198
126	851	126_S	851_T	0.0259	0.705	0.197
375	477	375_F	477_G	0.0259	0.705	0.197
377	815	377_A	815_T	0.0259	0.705	0.197
301	510	301_S	510_V	0.0259	0.705	0.197
405	547	405_A	547_A	0.0259	0.705	0.197
440	838	440_S	838_F	0.0259	0.705	0.197
15	706	15_L	706_A	0.0259	0.704	0.197
126	419	126_S	419_F	0.0259	0.704	0.197
158	397	158_L	397_A	0.0259	0.704	0.197
209	538	209_Q	538_D	0.0259	0.704	0.197
275	545	275_Y	545_Y	0.0259	0.704	0.197
792	795	792_S	795_L	0.0259	0.704	0.197
84	325	84_P	325_M	0.0259	0.704	0.197
212	810	212_V	810_N	0.0259	0.704	0.197
294	877	294_L	877_R	0.0259	0.703	0.196
211	225	211_R	225_P	0.0259	0.703	0.196
553	659	553_S	659_A	0.0259	0.703	0.196
723	776	723_S	776_L	0.0259	0.703	0.196
108	427	108_I	427_R	0.0258	0.703	0.196
290	890	290_L	890_L	0.0258	0.703	0.196
169	238	169_C	238_S	0.0258	0.702	0.195
277	726	277_D	726_H	0.0258	0.702	0.195
558	905	558_L	905_G	0.0258	0.702	0.195
30	106	30_R	106_S	0.0258	0.702	0.195
389	413	389_F	413_E	0.0258	0.701	0.195
639	773	639_F	773_T	0.0258	0.701	0.195
877	895	877_R	895_T	0.0258	0.701	0.195
598	917	598_K	917_F	0.0258	0.701	0.195
615	781	615_F	781_T	0.0258	0.701	0.195
624	712	624_L	712_R	0.0258	0.701	0.195
858	863	858_R	863_N	0.0258	0.701	0.195
16	430	16_I	430_I	0.0258	0.701	0.195
409	422	409_D	422_S	0.0258	0.701	0.195
212	776	212_V	776_L	0.0258	0.700	0.194
598	857	598_K	857_W	0.0258	0.700	0.194
814	917	814_P	917_F	0.0258	0.700	0.194
23	71	23_L	71_I	0.0257	0.700	0.194
144	680	144_A	680_I	0.0257	0.700	0.194
425	897	425_R	897_D	0.0257	0.700	0.194
305	545	305_D	545_Y	0.0257	0.700	0.194
597	776	597_P	776_L	0.0257	0.700	0.194
273	590	273_H	590_A	0.0257	0.699	0.193
267	870	267_G	870_I	0.0257	0.699	0.193
515	890	515_E	890_L	0.0257	0.699	0.193
28	92	28_F	92_G	0.0257	0.699	0.193
104	756	104_Y	756_L	0.0257	0.698	0.193
294	415	294_L	415_L	0.0257	0.698	0.193
567	590	567_L	590_A	0.0257	0.698	0.193
98	558	98_S	558_L	0.0256	0.697	0.192
424	782	424_G	782_N	0.0256	0.697	0.192
242	408	242_M	408_P	0.0256	0.697	0.192
607	721	607_Q	721_F	0.0256	0.697	0.192
38	430	38_S	430_I	0.0256	0.697	0.192
44	870	44_P	870_I	0.0256	0.697	0.192
412	786	412_V	786_P	0.0256	0.697	0.192
426	810	426_L	810_N	0.0256	0.697	0.192
557	820	557_H	820_P	0.0256	0.697	0.192
831	924	831_M	924_M	0.0256	0.697	0.192
912	943	912_E	943_W	0.0256	0.697	0.192
151	325	151_Q	325_M	0.0256	0.696	0.191
294	811	294_L	811_L	0.0256	0.696	0.191
88	157	88_V	157_Y	0.0256	0.696	0.191
294	591	294_L	591_E	0.0256	0.696	0.191
593	618	593_D	618_K	0.0256	0.696	0.191
34	202	34_L	202_T	0.0256	0.696	0.191
6	10	6_R	10_S	0.0256	0.695	0.191
147	373	147_E	373_R	0.0256	0.695	0.191
565	643	565_A	643_V	0.0256	0.695	0.191
607	759	607_Q	759_G	0.0256	0.695	0.191
799	802	799_E	802_L	0.0256	0.695	0.191
228	896	228_M	896_L	0.0256	0.695	0.191
382	775	382_L	775_S	0.0255	0.694	0.190
425	888	425_R	888_R	0.0255	0.694	0.190
923	948	923_D	948_N	0.0255	0.694	0.190
474	717	474_V	717_E	0.0255	0.694	0.190
605	813	605_G	813_K	0.0255	0.694	0.190
9	15	9_Q	15_L	0.0255	0.694	0.190
170	183	170_A	183_L	0.0255	0.694	0.190
198	255	198_T	255_L	0.0255	0.694	0.190
257	916	257_L	916_R	0.0255	0.694	0.190
557	912	557_H	912_E	0.0255	0.694	0.190
188	941	188_L	941_I	0.0255	0.693	0.189
489	658	489_N	658_D	0.0255	0.693	0.189
20	76	20_R	76_I	0.0255	0.693	0.189
226	230	226_L	230_V	0.0255	0.693	0.189
448	682	448_H	682_G	0.0255	0.693	0.189
149	155	149_G	155_S	0.0255	0.693	0.189
317	437	317_P	437_L	0.0255	0.693	0.189
63	426	63_G	426_L	0.0255	0.692	0.189
201	418	201_V	418_G	0.0254	0.692	0.189
706	930	706_A	930_L	0.0254	0.692	0.189
754	758	754_T	758_L	0.0254	0.692	0.189
861	870	861_E	870_I	0.0254	0.692	0.189
448	512	448_H	512_M	0.0254	0.691	0.188
510	643	510_V	643_V	0.0254	0.691	0.188
537	636	537_V	636_I	0.0254	0.691	0.188
47	755	47_S	755_W	0.0254	0.691	0.188
598	855	598_K	855_Y	0.0254	0.691	0.188
200	916	200_L	916_R	0.0254	0.691	0.188
511	815	511_V	815_T	0.0254	0.691	0.188
567	624	567_L	624_L	0.0254	0.691	0.188
607	780	607_Q	780_G	0.0254	0.691	0.188
26	30	26_I	30_R	0.0254	0.690	0.187
266	537	266_Q	537_V	0.0254	0.690	0.187
424	475	424_G	475_P	0.0254	0.690	0.187
204	268	204_L	268_W	0.0254	0.690	0.187
438	609	438_T	609_L	0.0254	0.690	0.187
421	781	421_F	781_T	0.0254	0.690	0.187
269	589	269_L	589_F	0.0254	0.690	0.187
858	918	858_R	918_L	0.0254	0.690	0.187
868	900	868_D	900_G	0.0254	0.690	0.187
194	198	194_A	198_T	0.0254	0.689	0.187
244	329	244_D	329_A	0.0254	0.689	0.187
476	876	476_A	876_H	0.0254	0.689	0.187
118	122	118_A	122_L	0.0253	0.689	0.187
416	740	416_F	740_Y	0.0253	0.689	0.187
589	855	589_F	855_Y	0.0253	0.689	0.187
597	670	597_P	670_L	0.0253	0.689	0.187
886	929	886_L	929_Q	0.0253	0.689	0.187
262	304	262_G	304_P	0.0253	0.689	0.187
329	701	329_A	701_I	0.0253	0.689	0.187
414	855	414_R	855_Y	0.0253	0.689	0.187
495	664	495_R	664_C	0.0253	0.689	0.187
141	724	141_S	724_F	0.0253	0.688	0.186
803	866	803_Q	866_R	0.0253	0.688	0.186
330	461	330_K	461_L	0.0253	0.688	0.186
450	500	450_L	500_I	0.0253	0.688	0.186
480	756	480_V	756_L	0.0253	0.688	0.186
916	932	916_R	932_L	0.0253	0.688	0.186
56	64	56_V	64_M	0.0253	0.688	0.186
122	528	122_L	528_C	0.0253	0.687	0.186
278	282	278_L	282_L	0.0253	0.687	0.186
750	938	750_G	938_G	0.0253	0.687	0.186
122	806	122_L	806_V	0.0253	0.687	0.186
74	591	74_A	591_E	0.0253	0.687	0.186
292	596	292_V	596_W	0.0253	0.687	0.186
549	813	549_E	813_K	0.0253	0.687	0.186
704	895	704_V	895_T	0.0253	0.687	0.186
482	578	482_S	578_I	0.0253	0.687	0.186
528	756	528_C	756_L	0.0253	0.687	0.186
133	429	133_Y	429_K	0.0252	0.686	0.185
476	778	476_A	778_I	0.0252	0.686	0.185
574	668	574_N	668_I	0.0252	0.686	0.185
911	915	911_G	915_N	0.0252	0.686	0.185
268	949	268_W	949_P	0.0252	0.686	0.185
425	841	425_R	841_M	0.0252	0.686	0.185
455	815	455_S	815_T	0.0252	0.686	0.185
490	699	490_T	699_T	0.0252	0.686	0.185
421	817	421_F	817_P	0.0252	0.686	0.185
780	918	780_G	918_L	0.0252	0.686	0.185
688	696	688_L	696_D	0.0252	0.685	0.184
375	390	375_F	390_A	0.0252	0.685	0.184
381	826	381_Y	826_F	0.0252	0.685	0.184
