i	j	i_id	j_id	r_sco	s_sco	prob
650	713	650_A	713_W	0.1137	3.941	1.000
477	503	477_C	503_F	0.1072	3.715	1.000
662	692	662_R	692_T	0.0869	3.013	0.999
352	434	352_S	434_D	0.0865	3.000	0.999
628	648	628_L	648_L	0.0844	2.926	0.999
208	243	208_L	243_L	0.0824	2.856	0.999
169	181	169_R	181_D	0.0798	2.767	0.998
294	297	294_T	297_N	0.0780	2.702	0.997
556	560	556_Q	560_H	0.0779	2.699	0.997
473	535	473_F	535_F	0.0766	2.656	0.997
8	11	8_W	11_G	0.0763	2.644	0.997
503	575	503_F	575_I	0.0735	2.547	0.995
46	63	46_A	63_R	0.0713	2.472	0.994
657	700	657_V	700_L	0.0713	2.472	0.994
700	727	700_L	727_L	0.0713	2.471	0.994
641	730	641_G	730_Y	0.0706	2.447	0.993
212	243	212_R	243_L	0.0671	2.326	0.989
245	274	245_S	274_S	0.0670	2.323	0.989
464	476	464_Y	476_F	0.0642	2.224	0.984
166	184	166_P	184_F	0.0636	2.204	0.983
249	270	249_V	270_R	0.0624	2.161	0.980
248	273	248_P	273_G	0.0617	2.138	0.978
654	703	654_Q	703_S	0.0606	2.099	0.975
88	170	88_L	170_L	0.0585	2.027	0.967
168	180	168_T	180_R	0.0584	2.025	0.966
252	262	252_E	262_E	0.0578	2.004	0.964
86	154	86_C	154_M	0.0577	2.001	0.963
646	700	646_V	700_L	0.0577	2.000	0.963
519	531	519_A	531_V	0.0566	1.960	0.957
597	600	597_D	600_S	0.0564	1.955	0.957
48	63	48_E	63_R	0.0562	1.949	0.956
66	74	66_V	74_I	0.0558	1.934	0.953
520	530	520_V	530_I	0.0552	1.912	0.949
476	531	476_F	531_V	0.0551	1.912	0.949
642	730	642_L	730_Y	0.0549	1.903	0.948
321	332	321_I	332_G	0.0531	1.841	0.935
86	152	86_C	152_L	0.0522	1.810	0.927
102	153	102_A	153_R	0.0515	1.786	0.920
698	737	698_V	737_V	0.0507	1.758	0.912
7	146	7_L	146_L	0.0505	1.749	0.909
370	414	370_S	414_A	0.0503	1.744	0.908
705	741	705_Q	741_L	0.0503	1.743	0.908
263	266	263_L	266_R	0.0502	1.741	0.907
697	738	697_Q	738_R	0.0499	1.729	0.903
449	454	449_V	454_Q	0.0491	1.702	0.894
372	423	372_D	423_R	0.0489	1.696	0.891
572	576	572_H	576_T	0.0489	1.696	0.891
388	407	388_R	407_A	0.0486	1.684	0.887
362	366	362_F	366_C	0.0482	1.671	0.882
539	567	539_Y	567_L	0.0478	1.659	0.877
658	701	658_W	701_Q	0.0478	1.658	0.876
703	742	703_S	742_C	0.0475	1.646	0.871
284	754	284_V	754_S	0.0475	1.646	0.871
699	738	699_L	738_R	0.0473	1.639	0.868
295	378	295_P	378_V	0.0470	1.628	0.863
48	62	48_E	62_T	0.0469	1.625	0.862
473	533	473_F	533_V	0.0467	1.619	0.859
473	477	473_F	477_C	0.0465	1.612	0.856
504	530	504_C	530_I	0.0461	1.598	0.849
655	702	655_A	702_L	0.0458	1.589	0.845
166	169	166_P	169_R	0.0458	1.587	0.844
6	11	6_P	11_G	0.0456	1.580	0.840
516	531	516_I	531_V	0.0455	1.576	0.838
709	712	709_E	712_G	0.0454	1.575	0.838
14	685	14_L	685_P	0.0454	1.575	0.838
687	771	687_M	771_R	0.0453	1.572	0.836
5	10	5_R	10_D	0.0452	1.566	0.833
712	719	712_G	719_L	0.0451	1.564	0.832
373	417	373_D	417_A	0.0450	1.559	0.829
493	499	493_G	499_E	0.0448	1.551	0.825
44	64	44_V	64_L	0.0440	1.524	0.810
287	302	287_V	302_L	0.0439	1.521	0.808
543	662	543_S	662_R	0.0438	1.517	0.805
86	157	86_C	157_Q	0.0435	1.507	0.799
475	571	475_R	571_S	0.0432	1.497	0.793
184	187	184_F	187_P	0.0432	1.496	0.793
450	454	450_E	454_Q	0.0431	1.493	0.791
661	699	661_D	699_L	0.0431	1.493	0.791
654	704	654_Q	704_T	0.0430	1.490	0.789
76	82	76_T	82_L	0.0428	1.483	0.784
5	25	5_R	25_W	0.0425	1.472	0.777
9	334	9_E	334_L	0.0421	1.459	0.768
315	371	315_P	371_P	0.0419	1.453	0.764
449	456	449_V	456_A	0.0417	1.445	0.759
385	408	385_V	408_L	0.0415	1.438	0.754
244	277	244_N	277_T	0.0415	1.437	0.753
643	657	643_T	657_V	0.0414	1.435	0.752
454	459	454_Q	459_R	0.0411	1.426	0.745
143	215	143_V	215_L	0.0411	1.426	0.745
477	533	477_C	533_V	0.0409	1.419	0.740
467	470	467_Q	470_Y	0.0408	1.414	0.736
505	539	505_P	539_Y	0.0406	1.408	0.732
246	271	246_A	271_L	0.0404	1.399	0.725
19	27	19_F	27_V	0.0402	1.393	0.720
346	442	346_W	442_V	0.0401	1.390	0.718
533	575	533_V	575_I	0.0400	1.387	0.716
339	343	339_L	343_A	0.0400	1.386	0.715
471	476	471_I	476_F	0.0400	1.386	0.715
395	399	395_A	399_L	0.0398	1.379	0.710
51	182	51_D	182_P	0.0394	1.367	0.700
328	375	328_V	375_S	0.0394	1.366	0.699
449	460	449_V	460_L	0.0393	1.363	0.697
637	730	637_R	730_Y	0.0392	1.357	0.692
512	549	512_P	549_Y	0.0391	1.354	0.690
728	754	728_H	754_S	0.0390	1.351	0.687
231	234	231_V	234_V	0.0389	1.347	0.684
468	471	468_L	471_I	0.0388	1.343	0.680
707	711	707_G	711_Q	0.0386	1.339	0.677
671	685	671_L	685_P	0.0384	1.333	0.672
642	704	642_L	704_T	0.0384	1.330	0.670
549	585	549_Y	585_Y	0.0382	1.324	0.664
646	723	646_V	723_L	0.0381	1.319	0.660
240	244	240_L	244_N	0.0378	1.311	0.653
503	600	503_F	600_S	0.0377	1.308	0.651
743	747	743_V	747_L	0.0377	1.307	0.650
556	572	556_Q	572_H	0.0377	1.305	0.648
98	169	98_D	169_R	0.0376	1.304	0.647
491	580	491_G	580_R	0.0376	1.302	0.645
49	59	49_F	59_L	0.0374	1.296	0.640
450	453	450_E	453_S	0.0372	1.289	0.634
693	696	693_D	696_G	0.0372	1.289	0.634
67	545	67_R	545_L	0.0372	1.288	0.633
496	499	496_A	499_E	0.0371	1.287	0.632
543	560	543_S	560_H	0.0371	1.285	0.630
617	622	617_N	622_V	0.0370	1.284	0.630
5	646	5_R	646_V	0.0369	1.281	0.627
598	602	598_K	602_Y	0.0369	1.279	0.625
474	582	474_Y	582_W	0.0369	1.279	0.625
101	104	101_L	104_P	0.0367	1.272	0.619
661	697	661_D	697_Q	0.0366	1.270	0.617
550	642	550_I	642_L	0.0366	1.269	0.616
709	719	709_E	719_L	0.0366	1.268	0.615
59	152	59_L	152_L	0.0365	1.265	0.612
44	167	44_V	167_V	0.0365	1.264	0.612
712	718	712_G	718_H	0.0364	1.263	0.611
539	553	539_Y	553_I	0.0364	1.263	0.611
213	283	213_Q	283_N	0.0363	1.259	0.607
348	403	348_S	403_N	0.0361	1.251	0.600
366	418	366_C	418_M	0.0361	1.250	0.599
714	767	714_L	767_T	0.0359	1.244	0.593
67	298	67_R	298_V	0.0358	1.242	0.591
464	471	464_Y	471_I	0.0358	1.242	0.591
502	572	502_R	572_H	0.0358	1.242	0.591
409	659	409_D	659_H	0.0357	1.238	0.588
50	62	50_D	62_T	0.0357	1.238	0.588
60	68	60_N	68_F	0.0357	1.236	0.586
260	290	260_H	290_Y	0.0356	1.234	0.584
650	723	650_A	723_L	0.0356	1.233	0.583
569	730	569_I	730_Y	0.0354	1.227	0.578
363	406	363_P	406_F	0.0354	1.227	0.578
340	429	340_R	429_P	0.0354	1.227	0.578
131	140	131_N	140_Q	0.0353	1.222	0.573
98	155	98_D	155_A	0.0352	1.221	0.572
478	583	478_Q	583_R	0.0352	1.220	0.571
394	405	394_P	405_Y	0.0352	1.219	0.570
474	509	474_Y	509_M	0.0351	1.217	0.568
218	374	218_M	374_V	0.0351	1.216	0.567
207	307	207_H	307_N	0.0350	1.214	0.565
664	692	664_R	692_T	0.0350	1.213	0.564
69	345	69_P	345_F	0.0349	1.210	0.562
476	516	476_F	516_I	0.0349	1.210	0.562
478	550	478_Q	550_I	0.0349	1.210	0.562
449	452	449_V	452_K	0.0349	1.209	0.561
744	747	744_E	747_L	0.0348	1.208	0.560
172	282	172_R	282_H	0.0348	1.207	0.559
663	693	663_R	693_D	0.0348	1.207	0.559
368	408	368_A	408_L	0.0348	1.206	0.558
664	690	664_R	690_H	0.0348	1.205	0.557
391	401	391_T	401_L	0.0347	1.204	0.556
331	371	331_E	371_P	0.0347	1.203	0.555
515	541	515_E	541_V	0.0347	1.201	0.553
47	474	47_A	474_Y	0.0346	1.200	0.552
474	579	474_Y	579_Y	0.0346	1.200	0.552
424	439	424_C	439_L	0.0345	1.198	0.550
349	362	349_V	362_F	0.0344	1.192	0.545
200	397	200_E	397_I	0.0343	1.189	0.542
250	268	250_L	268_L	0.0343	1.189	0.542
385	418	385_V	418_M	0.0343	1.189	0.542
743	748	743_V	748_L	0.0342	1.185	0.538
543	554	543_S	554_A	0.0342	1.185	0.538
491	499	491_G	499_E	0.0341	1.182	0.535
499	572	499_E	572_H	0.0341	1.181	0.534
683	687	683_S	687_M	0.0340	1.180	0.533
368	426	368_A	426_F	0.0340	1.178	0.531
663	697	663_R	697_Q	0.0339	1.174	0.527
378	405	378_V	405_Y	0.0339	1.174	0.527
490	503	490_I	503_F	0.0338	1.170	0.524
336	345	336_D	345_F	0.0337	1.169	0.523
763	766	763_Q	766_R	0.0337	1.168	0.522
698	731	698_V	731_L	0.0336	1.166	0.520
77	85	77_E	85_V	0.0336	1.164	0.518
543	548	543_S	548_H	0.0336	1.163	0.517
64	76	64_L	76_T	0.0335	1.161	0.515
98	166	98_D	166_P	0.0335	1.159	0.513
710	743	710_V	743_V	0.0334	1.158	0.512
185	296	185_I	296_E	0.0334	1.157	0.511
157	656	157_Q	656_R	0.0333	1.155	0.509
69	577	69_P	577_Q	0.0332	1.151	0.506
625	729	625_F	729_V	0.0332	1.151	0.506
6	10	6_P	10_D	0.0330	1.145	0.500
314	340	314_L	340_R	0.0330	1.144	0.499
505	547	505_P	547_A	0.0330	1.143	0.498
549	584	549_Y	584_K	0.0329	1.141	0.496
272	302	272_A	302_L	0.0329	1.139	0.494
323	332	323_L	332_G	0.0329	1.139	0.494
481	579	481_E	579_Y	0.0328	1.139	0.494
374	425	374_V	425_T	0.0328	1.138	0.493
53	210	53_L	210_A	0.0328	1.138	0.493
331	425	331_E	425_T	0.0328	1.136	0.491
716	720	716_G	720_Y	0.0328	1.135	0.490
47	61	47_A	61_A	0.0327	1.135	0.490
511	582	511_F	582_W	0.0327	1.134	0.489
628	638	628_L	638_T	0.0327	1.133	0.488
44	165	44_V	165_C	0.0327	1.133	0.488
167	215	167_V	215_L	0.0327	1.133	0.488
705	743	705_Q	743_V	0.0326	1.131	0.486
511	544	511_F	544_P	0.0326	1.130	0.486
61	82	61_A	82_L	0.0326	1.128	0.484
72	103	72_T	103_L	0.0325	1.126	0.482
261	290	261_P	290_Y	0.0325	1.126	0.482
193	389	193_A	389_P	0.0325	1.126	0.482
485	488	485_P	488_P	0.0324	1.124	0.480
437	518	437_L	518_D	0.0324	1.123	0.479
130	145	130_V	145_V	0.0323	1.120	0.476
287	305	287_V	305_L	0.0323	1.119	0.475
516	700	516_I	700_L	0.0322	1.117	0.473
587	600	587_Y	600_S	0.0322	1.117	0.473
99	154	99_I	154_M	0.0322	1.116	0.472
449	453	449_V	453_S	0.0322	1.115	0.471
454	457	454_Q	457_P	0.0322	1.115	0.471
473	480	473_F	480_L	0.0322	1.115	0.471
723	739	723_L	739_L	0.0321	1.113	0.469
387	509	387_I	509_M	0.0321	1.112	0.468
480	601	480_L	601_Q	0.0321	1.112	0.468
639	659	639_A	659_H	0.0321	1.112	0.468
316	329	316_S	329_M	0.0321	1.111	0.467
465	529	465_R	529_P	0.0320	1.108	0.465
396	440	396_A	440_F	0.0319	1.107	0.464
451	454	451_R	454_Q	0.0318	1.102	0.459
294	686	294_T	686_V	0.0318	1.100	0.457
505	584	505_P	584_K	0.0316	1.097	0.454
203	392	203_E	392_H	0.0316	1.094	0.451
185	194	185_I	194_G	0.0315	1.093	0.450
481	491	481_E	491_G	0.0315	1.093	0.450
14	422	14_L	422_G	0.0315	1.093	0.450
211	427	211_R	427_Y	0.0315	1.093	0.450
13	84	13_F	84_P	0.0314	1.089	0.447
267	270	267_E	270_R	0.0314	1.088	0.446
249	267	249_V	267_E	0.0314	1.087	0.445
515	535	515_E	535_F	0.0314	1.087	0.445
584	587	584_K	587_Y	0.0313	1.086	0.444
99	138	99_I	138_H	0.0313	1.085	0.443
47	184	47_A	184_F	0.0313	1.085	0.443
133	473	133_Q	473_F	0.0313	1.085	0.443
289	480	289_A	480_L	0.0313	1.084	0.442
313	393	313_S	393_V	0.0312	1.082	0.440
512	693	512_P	693_D	0.0312	1.082	0.440
321	426	321_I	426_F	0.0312	1.080	0.438
680	684	680_S	684_R	0.0312	1.080	0.438
656	701	656_R	701_Q	0.0311	1.079	0.437
187	302	187_P	302_L	0.0311	1.078	0.436
478	654	478_Q	654_Q	0.0311	1.078	0.436
99	183	99_I	183_R	0.0311	1.077	0.435
506	534	506_Y	534_T	0.0310	1.076	0.434
561	565	561_E	565_D	0.0310	1.075	0.433
248	442	248_P	442_V	0.0310	1.074	0.432
68	157	68_F	157_Q	0.0309	1.072	0.431
503	576	503_F	576_T	0.0309	1.071	0.430
170	173	170_L	173_D	0.0308	1.069	0.428
325	330	325_Q	330_W	0.0308	1.068	0.427
549	604	549_Y	604_L	0.0308	1.066	0.425
632	730	632_M	730_Y	0.0307	1.063	0.422
646	702	646_V	702_L	0.0307	1.062	0.421
236	395	236_L	395_A	0.0306	1.061	0.420
264	269	264_L	269_A	0.0306	1.060	0.419
7	10	7_L	10_D	0.0306	1.060	0.419
316	422	316_S	422_G	0.0306	1.060	0.419
367	405	367_K	405_Y	0.0305	1.059	0.418
311	315	311_E	315_P	0.0305	1.058	0.417
75	78	75_D	78_R	0.0305	1.058	0.417
199	397	199_T	397_I	0.0305	1.056	0.416
19	233	19_F	233_D	0.0304	1.055	0.415
25	29	25_W	29_L	0.0304	1.054	0.414
164	739	164_T	739_L	0.0304	1.053	0.413
276	519	276_L	519_A	0.0304	1.052	0.412
374	432	374_V	432_L	0.0304	1.052	0.412
259	409	259_R	409_D	0.0303	1.052	0.412
42	769	42_W	769_V	0.0303	1.050	0.410
587	591	587_Y	591_F	0.0303	1.050	0.410
55	298	55_P	298_V	0.0302	1.048	0.408
473	637	473_F	637_R	0.0302	1.047	0.407
188	191	188_L	191_L	0.0301	1.045	0.405
378	393	378_V	393_V	0.0301	1.045	0.405
543	692	543_S	692_T	0.0301	1.044	0.405
477	537	477_C	537_G	0.0301	1.044	0.405
238	479	238_W	479_L	0.0301	1.042	0.403
152	377	152_L	377_V	0.0301	1.042	0.403
203	307	203_E	307_N	0.0300	1.040	0.401
607	630	607_A	630_P	0.0299	1.037	0.398
600	626	600_S	626_L	0.0299	1.036	0.397
647	750	647_T	750_D	0.0298	1.033	0.394
740	750	740_Q	750_D	0.0298	1.032	0.394
159	164	159_N	164_T	0.0298	1.032	0.394
708	739	708_S	739_L	0.0298	1.032	0.394
412	714	412_T	714_L	0.0297	1.030	0.392
584	604	584_K	604_L	0.0297	1.030	0.392
449	457	449_V	457_P	0.0297	1.029	0.391
189	700	189_L	700_L	0.0297	1.028	0.390
68	182	68_F	182_P	0.0297	1.028	0.390
247	283	247_E	283_N	0.0297	1.028	0.390
7	61	7_L	61_A	0.0296	1.028	0.390
318	440	318_V	440_F	0.0296	1.028	0.390
376	418	376_E	418_M	0.0296	1.027	0.389
449	455	449_V	455_S	0.0296	1.027	0.389
153	159	153_R	159_N	0.0296	1.026	0.388
517	534	517_K	534_T	0.0296	1.026	0.388
46	65	46_A	65_I	0.0296	1.025	0.387
302	544	302_L	544_P	0.0295	1.024	0.386
42	699	42_W	699_L	0.0295	1.024	0.386
596	669	596_Q	669_T	0.0295	1.023	0.385
704	732	704_T	732_G	0.0295	1.023	0.385
586	649	586_S	649_L	0.0295	1.022	0.384
706	747	706_T	747_L	0.0295	1.021	0.384
62	434	62_T	434_D	0.0294	1.020	0.383
202	436	202_A	436_K	0.0294	1.020	0.383
155	253	155_A	253_L	0.0294	1.020	0.383
450	455	450_E	455_S	0.0294	1.018	0.381
53	64	53_L	64_L	0.0294	1.017	0.380
283	369	283_N	369_G	0.0294	1.017	0.380
308	475	308_R	475_R	0.0294	1.017	0.380
68	160	68_F	160_A	0.0293	1.017	0.380
221	237	221_E	237_F	0.0293	1.017	0.380
468	642	468_L	642_L	0.0293	1.017	0.380
148	381	148_H	381_A	0.0293	1.015	0.378
203	372	203_E	372_D	0.0293	1.014	0.377
50	642	50_D	642_L	0.0292	1.013	0.376
167	360	167_V	360_T	0.0292	1.013	0.376
61	76	61_A	76_T	0.0292	1.013	0.376
67	73	67_R	73_L	0.0292	1.012	0.375
68	418	68_F	418_M	0.0292	1.012	0.375
37	65	37_G	65_I	0.0292	1.012	0.375
491	496	491_G	496_A	0.0292	1.012	0.375
544	602	544_P	602_Y	0.0292	1.011	0.375
150	708	150_L	708_S	0.0291	1.010	0.374
537	550	537_G	550_I	0.0291	1.010	0.374
83	363	83_P	363_P	0.0291	1.010	0.374
103	613	103_L	613_G	0.0291	1.010	0.374
194	265	194_G	265_Y	0.0291	1.009	0.373
192	385	192_S	385_V	0.0291	1.009	0.373
481	580	481_E	580_R	0.0291	1.009	0.373
631	634	631_L	634_L	0.0291	1.008	0.372
507	553	507_P	553_I	0.0290	1.006	0.370
656	703	656_R	703_S	0.0290	1.005	0.369
553	628	553_I	628_L	0.0290	1.005	0.369
626	637	626_L	637_R	0.0290	1.005	0.369
567	584	567_L	584_K	0.0290	1.004	0.368
372	421	372_D	421_A	0.0290	1.004	0.368
152	167	152_L	167_V	0.0289	1.001	0.366
450	456	450_E	456_A	0.0289	1.001	0.366
549	583	549_Y	583_R	0.0289	1.000	0.365
328	374	328_V	374_V	0.0288	0.999	0.364
581	664	581_I	664_R	0.0288	0.997	0.362
246	470	246_A	470_Y	0.0288	0.997	0.362
272	287	272_A	287_V	0.0287	0.996	0.361
368	434	368_A	434_D	0.0287	0.995	0.360
137	362	137_G	362_F	0.0287	0.993	0.359
218	313	218_M	313_S	0.0286	0.992	0.358
67	299	67_R	299_F	0.0286	0.992	0.358
279	309	279_S	309_L	0.0286	0.991	0.357
19	185	19_F	185_I	0.0286	0.990	0.356
314	422	314_L	422_G	0.0285	0.988	0.354
46	568	46_A	568_D	0.0285	0.988	0.354
205	387	205_L	387_I	0.0285	0.988	0.354
391	427	391_T	427_Y	0.0285	0.987	0.353
396	412	396_A	412_T	0.0285	0.987	0.353
376	413	376_E	413_D	0.0285	0.986	0.352
68	133	68_F	133_Q	0.0284	0.986	0.352
602	605	602_Y	605_G	0.0284	0.986	0.352
606	741	606_L	741_L	0.0284	0.985	0.352
168	514	168_T	514_S	0.0284	0.984	0.351
367	382	367_K	382_L	0.0284	0.984	0.351
245	311	245_S	311_E	0.0284	0.984	0.351
69	163	69_P	163_L	0.0284	0.983	0.350
552	556	552_D	556_Q	0.0283	0.982	0.349
560	673	560_H	673_M	0.0283	0.982	0.349
469	514	469_P	514_S	0.0283	0.981	0.348
515	625	515_E	625_F	0.0283	0.981	0.348
357	361	357_E	361_K	0.0282	0.979	0.346
564	568	564_A	568_D	0.0282	0.979	0.346
560	572	560_H	572_H	0.0282	0.978	0.346
609	732	609_L	732_G	0.0282	0.978	0.346
306	371	306_L	371_P	0.0281	0.975	0.343
14	476	14_L	476_F	0.0281	0.975	0.343
52	387	52_S	387_I	0.0281	0.975	0.343
110	366	110_G	366_C	0.0281	0.974	0.342
278	390	278_F	390_V	0.0281	0.974	0.342
295	719	295_P	719_L	0.0281	0.974	0.342
371	425	371_P	425_T	0.0281	0.974	0.342
293	628	293_E	628_L	0.0281	0.973	0.341
208	250	208_L	250_L	0.0281	0.973	0.341
362	439	362_F	439_L	0.0281	0.973	0.341
503	572	503_F	572_H	0.0281	0.973	0.341
305	308	305_L	308_R	0.0281	0.973	0.341
603	644	603_L	644_S	0.0280	0.971	0.340
569	718	569_I	718_H	0.0280	0.970	0.339
103	350	103_L	350_R	0.0279	0.968	0.337
533	605	533_V	605_G	0.0279	0.968	0.337
291	298	291_H	298_V	0.0279	0.967	0.336
706	709	706_T	709_E	0.0279	0.967	0.336
274	439	274_S	439_L	0.0279	0.966	0.335
290	582	290_Y	582_W	0.0279	0.966	0.335
298	501	298_V	501_V	0.0278	0.965	0.334
172	222	172_R	222_N	0.0278	0.965	0.334
480	761	480_L	761_S	0.0278	0.965	0.334
265	289	265_Y	289_A	0.0278	0.965	0.334
630	715	630_P	715_P	0.0278	0.964	0.334
12	752	12_A	752_R	0.0278	0.964	0.334
551	591	551_S	591_F	0.0278	0.964	0.334
592	737	592_E	737_V	0.0278	0.963	0.333
650	697	650_A	697_Q	0.0278	0.963	0.333
53	187	53_L	187_P	0.0277	0.960	0.330
295	298	295_P	298_V	0.0277	0.960	0.330
48	99	48_E	99_I	0.0277	0.958	0.328
74	307	74_I	307_N	0.0276	0.958	0.328
59	215	59_L	215_L	0.0276	0.956	0.327
673	777	673_M	777_A	0.0276	0.956	0.327
10	313	10_D	313_S	0.0276	0.956	0.327
204	752	204_L	752_R	0.0276	0.955	0.326
496	572	496_A	572_H	0.0276	0.955	0.326
202	530	202_A	530_I	0.0275	0.954	0.325
341	419	341_E	419_L	0.0275	0.954	0.325
484	529	484_Q	529_P	0.0275	0.954	0.325
16	124	16_P	124_R	0.0275	0.954	0.325
200	303	200_E	303_L	0.0275	0.953	0.324
367	394	367_K	394_P	0.0275	0.952	0.323
188	702	188_L	702_L	0.0275	0.952	0.323
611	614	611_I	614_C	0.0274	0.951	0.323
653	702	653_T	702_L	0.0274	0.951	0.323
184	605	184_F	605_G	0.0274	0.951	0.323
209	251	209_Q	251_K	0.0274	0.950	0.322
268	273	268_L	273_G	0.0274	0.950	0.322
114	123	114_D	123_R	0.0274	0.949	0.321
340	422	340_R	422_G	0.0274	0.949	0.321
471	766	471_I	766_R	0.0274	0.949	0.321
261	292	261_P	292_H	0.0274	0.949	0.321
505	554	505_P	554_A	0.0274	0.948	0.320
371	374	371_P	374_V	0.0273	0.948	0.320
680	683	680_S	683_S	0.0273	0.948	0.320
88	416	88_L	416_R	0.0273	0.947	0.319
539	662	539_Y	662_R	0.0273	0.947	0.319
585	625	585_Y	625_F	0.0273	0.947	0.319
205	251	205_L	251_K	0.0273	0.946	0.318
250	265	250_L	265_Y	0.0273	0.946	0.318
276	322	276_L	322_E	0.0273	0.946	0.318
64	74	64_L	74_I	0.0272	0.944	0.317
16	765	16_P	765_G	0.0272	0.943	0.316
371	375	371_P	375_S	0.0272	0.943	0.316
27	404	27_V	404_Q	0.0272	0.942	0.315
82	276	82_L	276_L	0.0272	0.942	0.315
638	730	638_T	730_Y	0.0272	0.942	0.315
259	659	259_R	659_H	0.0271	0.940	0.313
97	154	97_V	154_M	0.0271	0.939	0.313
664	704	664_R	704_T	0.0271	0.939	0.313
184	295	184_F	295_P	0.0271	0.938	0.312
218	348	218_M	348_S	0.0270	0.937	0.311
222	713	222_N	713_W	0.0270	0.937	0.311
460	568	460_L	568_D	0.0270	0.937	0.311
475	478	475_R	478_Q	0.0270	0.937	0.311
594	600	594_G	600_S	0.0270	0.936	0.310
658	661	658_W	661_D	0.0270	0.936	0.310
163	385	163_L	385_V	0.0270	0.936	0.310
451	459	451_R	459_R	0.0270	0.936	0.310
155	370	155_A	370_S	0.0270	0.936	0.310
181	402	181_D	402_E	0.0270	0.935	0.309
204	303	204_L	303_L	0.0270	0.935	0.309
208	271	208_L	271_L	0.0270	0.934	0.309
365	374	365_L	374_V	0.0270	0.934	0.309
549	552	549_Y	552_D	0.0269	0.934	0.309
543	671	543_S	671_L	0.0269	0.933	0.308
488	495	488_P	495_Q	0.0269	0.933	0.308
413	418	413_D	418_M	0.0269	0.932	0.307
550	769	550_I	769_V	0.0268	0.931	0.306
359	389	359_Q	389_P	0.0268	0.930	0.305
51	61	51_D	61_A	0.0268	0.930	0.305
25	64	25_W	64_L	0.0268	0.929	0.304
23	143	23_A	143_V	0.0268	0.928	0.304
433	440	433_G	440_F	0.0268	0.928	0.304
10	71	10_D	71_G	0.0268	0.928	0.304
32	567	32_S	567_L	0.0268	0.928	0.304
464	468	464_Y	468_L	0.0267	0.927	0.303
582	589	582_W	589_A	0.0267	0.927	0.303
292	582	292_H	582_W	0.0267	0.926	0.302
195	201	195_P	201_L	0.0267	0.926	0.302
515	684	515_E	684_R	0.0267	0.926	0.302
543	624	543_S	624_R	0.0267	0.926	0.302
252	383	252_E	383_S	0.0267	0.925	0.301
300	362	300_P	362_F	0.0267	0.925	0.301
597	714	597_D	714_L	0.0267	0.925	0.301
45	302	45_V	302_L	0.0267	0.924	0.300
425	693	425_T	693_D	0.0266	0.923	0.300
8	20	8_W	20_Q	0.0266	0.922	0.299
681	753	681_L	753_L	0.0266	0.922	0.299
58	364	58_R	364_Q	0.0266	0.921	0.298
357	551	357_E	551_S	0.0266	0.921	0.298
323	427	323_L	427_Y	0.0266	0.920	0.297
348	400	348_S	400_R	0.0266	0.920	0.297
88	139	88_L	139_E	0.0265	0.920	0.297
243	268	243_L	268_L	0.0265	0.920	0.297
236	318	236_L	318_V	0.0265	0.920	0.297
318	427	318_V	427_Y	0.0265	0.920	0.297
349	437	349_V	437_L	0.0265	0.920	0.297
109	272	109_N	272_A	0.0265	0.919	0.296
692	695	692_T	695_N	0.0265	0.919	0.296
545	607	545_L	607_A	0.0265	0.919	0.296
302	350	302_L	350_R	0.0265	0.918	0.296
465	516	465_R	516_I	0.0265	0.918	0.296
403	586	403_N	586_S	0.0265	0.917	0.295
711	763	711_Q	763_Q	0.0265	0.917	0.295
531	610	531_V	610_G	0.0264	0.916	0.294
129	142	129_R	142_E	0.0264	0.916	0.294
518	531	518_D	531_V	0.0264	0.916	0.294
193	289	193_A	289_A	0.0264	0.915	0.293
563	567	563_A	567_L	0.0264	0.914	0.293
471	475	471_I	475_R	0.0263	0.913	0.292
594	767	594_G	767_T	0.0263	0.913	0.292
698	738	698_V	738_R	0.0263	0.913	0.292
5	149	5_R	149_N	0.0263	0.911	0.290
387	418	387_I	418_M	0.0263	0.911	0.290
585	693	585_Y	693_D	0.0263	0.911	0.290
273	749	273_G	749_P	0.0263	0.910	0.289
169	637	169_R	637_R	0.0262	0.910	0.289
374	378	374_V	378_V	0.0262	0.910	0.289
394	398	394_P	398_P	0.0262	0.910	0.289
263	267	263_L	267_E	0.0262	0.909	0.289
369	379	369_G	379_N	0.0262	0.909	0.289
502	556	502_R	556_Q	0.0262	0.909	0.289
665	693	665_I	693_D	0.0262	0.909	0.289
512	542	512_P	542_T	0.0262	0.908	0.288
23	26	23_A	26_D	0.0262	0.908	0.288
346	395	346_W	395_A	0.0262	0.908	0.288
550	554	550_I	554_A	0.0262	0.908	0.288
707	710	707_G	710_V	0.0262	0.907	0.287
102	162	102_A	162_W	0.0262	0.907	0.287
300	700	300_P	700_L	0.0261	0.906	0.286
61	353	61_A	353_M	0.0261	0.906	0.286
143	744	143_V	744_E	0.0261	0.905	0.285
172	311	172_R	311_E	0.0261	0.905	0.285
586	632	586_S	632_M	0.0261	0.905	0.285
509	524	509_M	524_E	0.0261	0.905	0.285
12	562	12_A	562_A	0.0261	0.904	0.285
367	374	367_K	374_V	0.0261	0.904	0.285
188	687	188_L	687_M	0.0261	0.904	0.285
504	532	504_C	532_H	0.0261	0.904	0.285
509	537	509_M	537_G	0.0261	0.904	0.285
68	720	68_F	720_Y	0.0261	0.903	0.284
125	370	125_W	370_S	0.0260	0.903	0.284
159	184	159_N	184_F	0.0260	0.902	0.283
475	479	475_R	479_L	0.0260	0.902	0.283
579	582	579_Y	582_W	0.0260	0.901	0.282
508	555	508_G	555_Q	0.0260	0.900	0.282
70	124	70_D	124_R	0.0260	0.899	0.281
49	61	49_F	61_A	0.0259	0.899	0.281
695	734	695_N	734_R	0.0259	0.898	0.280
99	170	99_I	170_L	0.0259	0.897	0.279
543	704	543_S	704_T	0.0259	0.897	0.279
604	625	604_L	625_F	0.0259	0.897	0.279
539	554	539_Y	554_A	0.0259	0.897	0.279
371	393	371_P	393_V	0.0259	0.896	0.278
705	710	705_Q	710_V	0.0258	0.896	0.278
646	649	646_V	649_L	0.0258	0.895	0.278
44	685	44_V	685_P	0.0258	0.894	0.277
67	267	67_R	267_E	0.0258	0.894	0.277
249	273	249_V	273_G	0.0258	0.894	0.277
246	735	246_A	735_L	0.0258	0.893	0.276
313	606	313_S	606_L	0.0258	0.893	0.276
24	425	24_A	425_T	0.0258	0.893	0.276
584	625	584_K	625_F	0.0258	0.893	0.276
356	359	356_H	359_Q	0.0257	0.892	0.275
428	729	428_T	729_V	0.0257	0.891	0.275
491	505	491_G	505_P	0.0257	0.891	0.275
667	685	667_L	685_P	0.0257	0.891	0.275
153	162	153_R	162_W	0.0257	0.891	0.275
83	239	83_P	239_L	0.0257	0.891	0.275
650	710	650_A	710_V	0.0257	0.891	0.275
511	536	511_F	536_M	0.0257	0.890	0.274
170	360	170_L	360_T	0.0257	0.890	0.274
466	690	466_K	690_H	0.0257	0.890	0.274
667	753	667_L	753_L	0.0257	0.890	0.274
243	627	243_L	627_A	0.0256	0.889	0.273
197	208	197_L	208_L	0.0256	0.888	0.272
39	273	39_A	273_G	0.0256	0.888	0.272
413	420	413_D	420_D	0.0255	0.885	0.270
169	606	169_R	606_L	0.0255	0.884	0.269
502	528	502_R	528_P	0.0255	0.884	0.269
566	646	566_F	646_V	0.0255	0.884	0.269
203	359	203_E	359_Q	0.0255	0.884	0.269
472	515	472_N	515_E	0.0255	0.883	0.269
164	501	164_T	501_V	0.0255	0.883	0.269
291	294	291_H	294_T	0.0255	0.883	0.269
146	407	146_L	407_A	0.0255	0.882	0.268
547	584	547_A	584_K	0.0254	0.882	0.268
336	375	336_D	375_S	0.0254	0.881	0.267
260	292	260_H	292_H	0.0254	0.881	0.267
714	741	714_L	741_L	0.0254	0.881	0.267
169	173	169_R	173_D	0.0254	0.880	0.266
625	726	625_F	726_L	0.0254	0.880	0.266
671	687	671_L	687_M	0.0254	0.879	0.266
131	434	131_N	434_D	0.0253	0.878	0.265
610	714	610_G	714_L	0.0253	0.878	0.265
295	415	295_P	415_A	0.0253	0.878	0.265
248	659	248_P	659_H	0.0253	0.877	0.264
516	534	516_I	534_T	0.0253	0.877	0.264
188	295	188_L	295_P	0.0253	0.877	0.264
522	673	522_P	673_M	0.0253	0.876	0.263
496	563	496_A	563_A	0.0253	0.875	0.263
432	440	432_L	440_F	0.0252	0.875	0.263
505	543	505_P	543_S	0.0252	0.874	0.262
543	732	543_S	732_G	0.0252	0.874	0.262
21	58	21_Q	58_R	0.0252	0.874	0.262
299	646	299_F	646_V	0.0252	0.874	0.262
67	164	67_R	164_T	0.0252	0.874	0.262
662	694	662_R	694_V	0.0252	0.874	0.262
53	334	53_L	334_L	0.0252	0.873	0.261
42	187	42_W	187_P	0.0252	0.873	0.261
197	370	197_L	370_S	0.0252	0.873	0.261
170	373	170_L	373_D	0.0252	0.873	0.261
211	743	211_R	743_V	0.0252	0.873	0.261
332	387	332_G	387_I	0.0252	0.872	0.260
656	746	656_R	746_S	0.0252	0.872	0.260
249	633	249_V	633_L	0.0252	0.872	0.260
503	584	503_F	584_K	0.0251	0.871	0.260
265	420	265_Y	420_D	0.0251	0.870	0.259
658	740	658_W	740_Q	0.0251	0.869	0.258
59	480	59_L	480_L	0.0251	0.869	0.258
61	151	61_A	151_T	0.0251	0.869	0.258
535	544	535_F	544_P	0.0251	0.869	0.258
24	377	24_A	377_V	0.0250	0.868	0.257
477	536	477_C	536_M	0.0250	0.868	0.257
203	385	203_E	385_V	0.0250	0.868	0.257
302	353	302_L	353_M	0.0250	0.868	0.257
544	567	544_P	567_L	0.0250	0.868	0.257
549	693	549_Y	693_D	0.0250	0.868	0.257
331	396	331_E	396_A	0.0250	0.867	0.257
395	423	395_A	423_R	0.0250	0.867	0.257
69	341	69_P	341_E	0.0250	0.867	0.257
503	533	503_F	533_V	0.0250	0.867	0.257
504	568	504_C	568_D	0.0250	0.867	0.257
203	393	203_E	393_V	0.0250	0.865	0.255
19	685	19_F	685_P	0.0250	0.865	0.255
97	166	97_V	166_P	0.0250	0.865	0.255
321	751	321_I	751_A	0.0250	0.865	0.255
556	692	556_Q	692_T	0.0249	0.865	0.255
68	605	68_F	605_G	0.0249	0.864	0.255
471	480	471_I	480_L	0.0249	0.864	0.255
646	699	646_V	699_L	0.0249	0.864	0.255
393	427	393_V	427_Y	0.0249	0.864	0.255
386	409	386_I	409_D	0.0249	0.863	0.254
629	714	629_L	714_L	0.0249	0.863	0.254
652	723	652_G	723_L	0.0249	0.863	0.254
698	733	698_V	733_S	0.0249	0.863	0.254
170	241	170_L	241_N	0.0249	0.863	0.254
478	642	478_Q	642_L	0.0249	0.863	0.254
68	375	68_F	375_S	0.0249	0.862	0.253
259	768	259_R	768_A	0.0249	0.862	0.253
161	241	161_A	241_N	0.0249	0.862	0.253
61	510	61_A	510_G	0.0248	0.861	0.252
680	721	680_S	721_S	0.0248	0.861	0.252
673	702	673_M	702_L	0.0248	0.861	0.252
10	146	10_D	146_L	0.0248	0.860	0.252
549	553	549_Y	553_I	0.0248	0.860	0.252
463	471	463_R	471_I	0.0248	0.859	0.251
468	476	468_L	476_F	0.0248	0.859	0.251
16	573	16_P	573_R	0.0248	0.859	0.251
4	24	4_Y	24_A	0.0248	0.859	0.251
189	376	189_L	376_E	0.0248	0.859	0.251
324	419	324_K	419_L	0.0248	0.859	0.251
668	750	668_K	750_D	0.0248	0.858	0.250
13	415	13_F	415_A	0.0248	0.858	0.250
666	690	666_P	690_H	0.0248	0.858	0.250
653	739	653_T	739_L	0.0247	0.858	0.250
65	143	65_I	143_V	0.0247	0.857	0.250
137	401	137_G	401_L	0.0247	0.857	0.250
13	185	13_F	185_I	0.0247	0.857	0.250
63	169	63_R	169_R	0.0247	0.856	0.249
254	668	254_L	668_K	0.0247	0.856	0.249
311	401	311_E	401_L	0.0247	0.856	0.249
586	604	586_S	604_L	0.0247	0.856	0.249
170	272	170_L	272_A	0.0247	0.856	0.249
82	424	82_L	424_C	0.0247	0.855	0.248
286	332	286_A	332_G	0.0247	0.855	0.248
289	501	289_A	501_V	0.0247	0.855	0.248
666	768	666_P	768_A	0.0247	0.855	0.248
247	379	247_E	379_N	0.0246	0.854	0.247
323	378	323_L	378_V	0.0246	0.854	0.247
535	597	535_F	597_D	0.0246	0.854	0.247
541	769	541_V	769_V	0.0246	0.853	0.247
131	645	131_N	645_L	0.0246	0.852	0.246
234	239	234_V	239_L	0.0246	0.852	0.246
251	255	251_K	255_D	0.0246	0.852	0.246
549	592	549_Y	592_E	0.0246	0.852	0.246
302	418	302_L	418_M	0.0246	0.851	0.245
318	395	318_V	395_A	0.0246	0.851	0.245
541	559	541_V	559_G	0.0246	0.851	0.245
244	278	244_N	278_F	0.0245	0.851	0.245
271	572	271_L	572_H	0.0245	0.851	0.245
437	601	437_L	601_Q	0.0245	0.850	0.245
152	657	152_L	657_V	0.0245	0.850	0.245
311	371	311_E	371_P	0.0245	0.850	0.245
646	727	646_V	727_L	0.0245	0.850	0.245
193	717	193_A	717_G	0.0245	0.850	0.245
592	650	592_E	650_A	0.0245	0.850	0.245
390	399	390_V	399_L	0.0245	0.849	0.244
474	581	474_Y	581_I	0.0245	0.849	0.244
68	139	68_F	139_E	0.0245	0.849	0.244
154	170	154_M	170_L	0.0245	0.849	0.244
351	393	351_S	393_V	0.0245	0.849	0.244
517	532	517_K	532_H	0.0245	0.849	0.244
40	190	40_H	190_T	0.0245	0.848	0.243
208	610	208_L	610_G	0.0245	0.848	0.243
273	488	273_G	488_P	0.0245	0.848	0.243
632	771	632_M	771_R	0.0245	0.848	0.243
125	518	125_W	518_D	0.0245	0.848	0.243
313	351	313_S	351_S	0.0244	0.847	0.242
393	441	393_V	441_A	0.0244	0.847	0.242
605	706	605_G	706_T	0.0244	0.847	0.242
204	661	204_L	661_D	0.0244	0.846	0.242
265	589	265_Y	589_A	0.0244	0.846	0.242
327	423	327_G	423_R	0.0244	0.846	0.242
658	668	658_W	668_K	0.0244	0.846	0.242
250	271	250_L	271_L	0.0244	0.845	0.241
543	558	543_S	558_E	0.0244	0.845	0.241
99	366	99_I	366_C	0.0244	0.845	0.241
170	178	170_L	178_W	0.0244	0.845	0.241
103	284	103_L	284_V	0.0243	0.843	0.240
276	770	276_L	770_M	0.0243	0.843	0.240
268	344	268_L	344_D	0.0243	0.843	0.240
344	396	344_D	396_A	0.0243	0.843	0.240
238	396	238_W	396_A	0.0243	0.842	0.239
243	637	243_L	637_R	0.0243	0.842	0.239
397	637	397_I	637_R	0.0243	0.842	0.239
218	237	218_M	237_F	0.0243	0.842	0.239
643	656	643_T	656_R	0.0243	0.841	0.238
385	722	385_V	722_D	0.0243	0.841	0.238
453	456	453_S	456_A	0.0243	0.841	0.238
105	163	105_L	163_L	0.0243	0.841	0.238
166	188	166_P	188_L	0.0243	0.841	0.238
6	637	6_P	637_R	0.0242	0.840	0.238
400	403	400_R	403_N	0.0242	0.840	0.238
143	177	143_V	177_Q	0.0242	0.840	0.238
544	737	544_P	737_V	0.0242	0.840	0.238
184	568	184_F	568_D	0.0242	0.839	0.237
105	319	105_L	319_V	0.0242	0.838	0.236
178	392	178_W	392_H	0.0242	0.838	0.236
244	310	244_N	310_L	0.0242	0.838	0.236
511	535	511_F	535_F	0.0242	0.838	0.236
123	382	123_R	382_L	0.0241	0.837	0.236
264	268	264_L	268_L	0.0241	0.836	0.235
443	728	443_L	728_H	0.0241	0.836	0.235
539	571	539_Y	571_S	0.0241	0.836	0.235
735	738	735_L	738_R	0.0241	0.836	0.235
83	396	83_P	396_A	0.0241	0.836	0.235
125	480	125_W	480_L	0.0241	0.836	0.235
567	592	567_L	592_E	0.0241	0.836	0.235
203	389	203_E	389_P	0.0241	0.836	0.235
480	603	480_L	603_L	0.0241	0.836	0.235
51	718	51_D	718_H	0.0241	0.835	0.234
133	379	133_Q	379_N	0.0241	0.835	0.234
59	122	59_L	122_P	0.0241	0.835	0.234
211	378	211_R	378_V	0.0241	0.835	0.234
59	182	59_L	182_P	0.0241	0.834	0.233
477	585	477_C	585_Y	0.0241	0.834	0.233
699	763	699_L	763_Q	0.0241	0.834	0.233
479	644	479_L	644_S	0.0241	0.834	0.233
385	712	385_V	712_G	0.0240	0.834	0.233
567	631	567_L	631_L	0.0240	0.834	0.233
573	577	573_R	577_Q	0.0240	0.833	0.233
5	234	5_R	234_V	0.0240	0.833	0.233
653	709	653_T	709_E	0.0240	0.833	0.233
680	744	680_S	744_E	0.0240	0.833	0.233
512	715	512_P	715_P	0.0240	0.833	0.233
11	18	11_G	18_Q	0.0240	0.832	0.232
144	543	144_A	543_S	0.0240	0.832	0.232
644	660	644_S	660_H	0.0240	0.832	0.232
348	391	348_S	391_T	0.0240	0.832	0.232
12	136	12_A	136_A	0.0240	0.831	0.231
182	606	182_P	606_L	0.0240	0.831	0.231
539	579	539_Y	579_Y	0.0240	0.831	0.231
450	460	450_E	460_L	0.0240	0.830	0.231
23	642	23_A	642_L	0.0239	0.830	0.231
207	218	207_H	218_M	0.0239	0.830	0.231
96	684	96_L	684_R	0.0239	0.830	0.231
381	713	381_A	713_W	0.0239	0.829	0.230
204	241	204_L	241_N	0.0239	0.829	0.230
42	293	42_W	293_E	0.0239	0.829	0.230
387	496	387_I	496_A	0.0239	0.829	0.230
536	578	536_M	578_Y	0.0239	0.829	0.230
31	687	31_D	687_M	0.0239	0.828	0.229
177	297	177_Q	297_N	0.0239	0.828	0.229
559	628	559_G	628_L	0.0239	0.828	0.229
61	727	61_A	727_L	0.0239	0.828	0.229
377	418	377_V	418_M	0.0239	0.828	0.229
708	774	708_S	774_A	0.0239	0.828	0.229
236	440	236_L	440_F	0.0239	0.828	0.229
67	686	67_R	686_V	0.0239	0.827	0.229
112	507	112_N	507_P	0.0239	0.827	0.229
143	610	143_V	610_G	0.0239	0.827	0.229
197	709	197_L	709_E	0.0239	0.827	0.229
385	606	385_V	606_L	0.0239	0.827	0.229
273	603	273_G	603_L	0.0238	0.827	0.229
393	401	393_V	401_L	0.0238	0.827	0.229
74	203	74_I	203_E	0.0238	0.826	0.228
294	325	294_T	325_Q	0.0238	0.826	0.228
553	754	553_I	754_S	0.0238	0.826	0.228
212	418	212_R	418_M	0.0238	0.825	0.227
543	627	543_S	627_A	0.0238	0.825	0.227
751	768	751_A	768_A	0.0238	0.825	0.227
77	83	77_E	83_P	0.0238	0.825	0.227
104	440	104_P	440_F	0.0238	0.825	0.227
417	470	417_A	470_Y	0.0238	0.825	0.227
61	578	61_A	578_Y	0.0238	0.824	0.227
615	650	615_A	650_A	0.0238	0.824	0.227
21	70	21_Q	70_D	0.0238	0.824	0.227
76	424	76_T	424_C	0.0238	0.823	0.226
269	370	269_A	370_S	0.0238	0.823	0.226
58	87	58_R	87_D	0.0237	0.823	0.226
100	210	100_V	210_A	0.0237	0.823	0.226
539	547	539_Y	547_A	0.0237	0.823	0.226
570	600	570_F	600_S	0.0237	0.823	0.226
246	306	246_A	306_L	0.0237	0.822	0.225
53	609	53_L	609_L	0.0237	0.822	0.225
272	277	272_A	277_T	0.0237	0.822	0.225
404	632	404_Q	632_M	0.0237	0.822	0.225
118	321	118_E	321_I	0.0237	0.821	0.225
132	671	132_V	671_L	0.0237	0.820	0.224
171	182	171_V	182_P	0.0237	0.820	0.224
74	710	74_I	710_V	0.0236	0.819	0.223
203	378	203_E	378_V	0.0236	0.819	0.223
697	727	697_Q	727_L	0.0236	0.819	0.223
124	435	124_R	435_V	0.0236	0.819	0.223
212	283	212_R	283_N	0.0236	0.819	0.223
386	687	386_I	687_M	0.0236	0.819	0.223
372	417	372_D	417_A	0.0236	0.818	0.223
222	637	222_N	637_R	0.0236	0.818	0.223
467	664	467_Q	664_R	0.0236	0.818	0.223
88	281	88_L	281_E	0.0236	0.818	0.223
154	377	154_M	377_V	0.0236	0.818	0.223
211	391	211_R	391_T	0.0236	0.818	0.223
107	161	107_N	161_A	0.0236	0.817	0.222
366	387	366_C	387_I	0.0236	0.817	0.222
510	708	510_G	708_S	0.0236	0.817	0.222
143	766	143_V	766_R	0.0236	0.817	0.222
507	549	507_P	549_Y	0.0236	0.817	0.222
159	694	159_N	694_V	0.0236	0.816	0.221
166	187	166_P	187_P	0.0236	0.816	0.221
233	283	233_D	283_N	0.0236	0.816	0.221
245	252	245_S	252_E	0.0236	0.816	0.221
328	440	328_V	440_F	0.0236	0.816	0.221
377	399	377_V	399_L	0.0236	0.816	0.221
451	455	451_R	455_S	0.0236	0.816	0.221
40	157	40_H	157_Q	0.0235	0.816	0.221
4	35	4_Y	35_R	0.0235	0.816	0.221
14	39	14_L	39_A	0.0235	0.815	0.221
115	381	115_N	381_A	0.0235	0.815	0.221
156	575	156_H	575_I	0.0235	0.815	0.221
265	332	265_Y	332_G	0.0235	0.815	0.221
278	334	278_F	334_L	0.0235	0.815	0.221
310	336	310_L	336_D	0.0235	0.815	0.221
212	247	212_R	247_E	0.0235	0.815	0.221
452	455	452_K	455_S	0.0235	0.815	0.221
5	8	5_R	8_W	0.0235	0.814	0.220
358	538	358_L	538_L	0.0235	0.814	0.220
510	646	510_G	646_V	0.0235	0.814	0.220
314	318	314_L	318_V	0.0235	0.813	0.219
481	501	481_E	501_V	0.0235	0.813	0.219
243	386	243_L	386_I	0.0235	0.813	0.219
323	425	323_L	425_T	0.0235	0.813	0.219
543	556	543_S	556_Q	0.0235	0.813	0.219
49	66	49_F	66_V	0.0234	0.812	0.219
96	428	96_L	428_T	0.0234	0.812	0.219
291	645	291_H	645_L	0.0234	0.812	0.219
508	606	508_G	606_L	0.0234	0.812	0.219
134	402	134_E	402_E	0.0234	0.812	0.219
183	319	183_R	319_V	0.0234	0.811	0.218
568	731	568_D	731_L	0.0234	0.811	0.218
571	574	571_S	574_L	0.0234	0.811	0.218
387	428	387_I	428_T	0.0234	0.811	0.218
513	742	513_A	742_C	0.0234	0.810	0.217
591	597	591_F	597_D	0.0234	0.810	0.217
85	514	85_V	514_S	0.0233	0.809	0.217
306	629	306_L	629_L	0.0233	0.809	0.217
585	726	585_Y	726_L	0.0233	0.809	0.217
336	423	336_D	423_R	0.0233	0.808	0.216
374	427	374_V	427_Y	0.0233	0.808	0.216
211	328	211_R	328_V	0.0233	0.808	0.216
161	557	161_A	557_R	0.0233	0.807	0.216
370	422	370_S	422_G	0.0233	0.807	0.216
398	582	398_P	582_W	0.0233	0.807	0.216
87	700	87_D	700_L	0.0233	0.807	0.216
539	544	539_Y	544_P	0.0233	0.807	0.216
195	204	195_P	204_L	0.0233	0.807	0.216
22	166	22_Q	166_P	0.0233	0.806	0.215
88	525	88_L	525_S	0.0232	0.806	0.215
332	516	332_G	516_I	0.0232	0.806	0.215
474	708	474_Y	708_S	0.0232	0.806	0.215
14	530	14_L	530_I	0.0232	0.805	0.214
67	520	67_R	520_V	0.0232	0.805	0.214
130	137	130_V	137_G	0.0232	0.805	0.214
302	419	302_L	419_L	0.0232	0.805	0.214
264	741	264_L	741_L	0.0232	0.804	0.214
700	724	700_L	724_L	0.0232	0.804	0.214
12	232	12_A	232_A	0.0232	0.804	0.214
268	501	268_L	501_V	0.0232	0.804	0.214
503	585	503_F	585_Y	0.0232	0.804	0.214
544	547	544_P	547_A	0.0232	0.804	0.214
673	773	673_M	773_Q	0.0232	0.804	0.214
148	512	148_H	512_P	0.0232	0.803	0.213
162	515	162_W	515_E	0.0232	0.803	0.213
218	236	218_M	236_L	0.0232	0.802	0.212
276	553	276_L	553_I	0.0232	0.802	0.212
183	294	183_R	294_T	0.0231	0.802	0.212
665	696	665_I	696_G	0.0231	0.802	0.212
702	705	702_L	705_Q	0.0231	0.802	0.212
603	645	603_L	645_L	0.0231	0.801	0.212
609	729	609_L	729_V	0.0231	0.801	0.212
42	579	42_W	579_Y	0.0231	0.801	0.212
191	302	191_L	302_L	0.0231	0.801	0.212
196	646	196_S	646_V	0.0231	0.801	0.212
102	221	102_A	221_E	0.0231	0.800	0.211
554	584	554_A	584_K	0.0231	0.800	0.211
345	441	345_F	441_A	0.0231	0.800	0.211
717	731	717_G	731_L	0.0231	0.800	0.211
126	577	126_K	577_Q	0.0231	0.800	0.211
277	545	277_T	545_L	0.0231	0.799	0.210
3	79	3_I	79_A	0.0231	0.799	0.210
13	244	13_F	244_N	0.0231	0.799	0.210
291	326	291_H	326_K	0.0230	0.799	0.210
59	167	59_L	167_V	0.0230	0.798	0.210
244	274	244_N	274_S	0.0230	0.798	0.210
505	641	505_P	641_G	0.0230	0.798	0.210
569	731	569_I	731_L	0.0230	0.798	0.210
49	721	49_F	721_S	0.0230	0.798	0.210
359	371	359_Q	371_P	0.0230	0.798	0.210
217	243	217_S	243_L	0.0230	0.797	0.209
452	456	452_K	456_A	0.0230	0.797	0.209
650	738	650_A	738_R	0.0230	0.797	0.209
68	657	68_F	657_V	0.0230	0.795	0.208
316	429	316_S	429_P	0.0229	0.795	0.208
451	457	451_R	457_P	0.0229	0.795	0.208
312	507	312_A	507_P	0.0229	0.795	0.208
346	427	346_W	427_Y	0.0229	0.795	0.208
316	387	316_S	387_I	0.0229	0.794	0.207
32	75	32_S	75_D	0.0229	0.794	0.207
212	633	212_R	633_L	0.0229	0.794	0.207
217	324	217_S	324_K	0.0229	0.794	0.207
512	535	512_P	535_F	0.0229	0.794	0.207
158	605	158_E	605_G	0.0229	0.793	0.207
329	374	329_M	374_V	0.0229	0.793	0.207
138	165	138_H	165_C	0.0229	0.793	0.207
146	401	146_L	401_L	0.0229	0.793	0.207
213	369	213_Q	369_G	0.0229	0.793	0.207
377	390	377_V	390_V	0.0229	0.793	0.207
543	562	543_S	562_A	0.0229	0.793	0.207
68	254	68_F	254_L	0.0229	0.792	0.206
69	132	69_P	132_V	0.0229	0.792	0.206
218	432	218_M	432_L	0.0229	0.792	0.206
188	194	188_L	194_G	0.0228	0.792	0.206
211	318	211_R	318_V	0.0228	0.792	0.206
376	516	376_E	516_I	0.0228	0.792	0.206
702	713	702_L	713_W	0.0228	0.792	0.206
707	763	707_G	763_Q	0.0228	0.792	0.206
1	167	1_M	167_V	0.0228	0.792	0.206
211	405	211_R	405_Y	0.0228	0.792	0.206
237	343	237_F	343_A	0.0228	0.791	0.205
322	562	322_E	562_A	0.0228	0.791	0.205
306	435	306_L	435_V	0.0228	0.791	0.205
496	500	496_A	500_A	0.0228	0.790	0.205
202	295	202_A	295_P	0.0228	0.790	0.205
203	399	203_E	399_L	0.0228	0.790	0.205
157	258	157_Q	258_Y	0.0228	0.789	0.204
187	250	187_P	250_L	0.0228	0.789	0.204
499	700	499_E	700_L	0.0228	0.789	0.204
555	560	555_Q	560_H	0.0228	0.789	0.204
669	706	669_T	706_T	0.0227	0.789	0.204
90	127	90_T	127_S	0.0227	0.788	0.203
201	605	201_L	605_G	0.0227	0.788	0.203
341	431	341_E	431_S	0.0227	0.788	0.203
49	215	49_F	215_L	0.0227	0.787	0.203
157	508	157_Q	508_G	0.0227	0.787	0.203
211	443	211_R	443_L	0.0227	0.787	0.203
49	60	49_F	60_N	0.0227	0.787	0.203
346	763	346_W	763_Q	0.0227	0.787	0.203
591	600	591_F	600_S	0.0227	0.787	0.203
34	409	34_A	409_D	0.0227	0.786	0.202
278	727	278_F	727_L	0.0227	0.786	0.202
696	735	696_G	735_L	0.0227	0.786	0.202
132	297	132_V	297_N	0.0227	0.785	0.202
255	289	255_D	289_A	0.0227	0.785	0.202
168	704	168_T	704_T	0.0226	0.785	0.202
474	768	474_Y	768_A	0.0226	0.785	0.202
273	608	273_G	608_R	0.0226	0.785	0.202
511	599	511_F	599_T	0.0226	0.785	0.202
22	133	22_Q	133_Q	0.0226	0.784	0.201
271	644	271_L	644_S	0.0226	0.784	0.201
479	631	479_L	631_L	0.0226	0.784	0.201
622	729	622_V	729_V	0.0226	0.784	0.201
156	288	156_H	288_P	0.0226	0.784	0.201
318	396	318_V	396_A	0.0226	0.784	0.201
382	574	382_L	574_L	0.0226	0.784	0.201
134	739	134_E	739_L	0.0226	0.783	0.200
369	378	369_G	378_V	0.0226	0.783	0.200
11	20	11_G	20_Q	0.0226	0.783	0.200
456	675	456_A	675_V	0.0226	0.783	0.200
260	714	260_H	714_L	0.0226	0.783	0.200
466	752	466_K	752_R	0.0226	0.783	0.200
468	581	468_L	581_I	0.0226	0.783	0.200
201	486	201_L	486_D	0.0226	0.782	0.200
249	702	249_V	702_L	0.0226	0.782	0.200
470	774	470_Y	774_A	0.0226	0.782	0.200
644	648	644_S	648_L	0.0226	0.782	0.200
667	749	667_L	749_P	0.0226	0.782	0.200
389	393	389_P	393_V	0.0226	0.782	0.200
72	389	72_T	389_P	0.0226	0.782	0.200
633	713	633_L	713_W	0.0226	0.782	0.200
657	694	657_V	694_V	0.0226	0.782	0.200
539	568	539_Y	568_D	0.0225	0.781	0.199
243	372	243_L	372_D	0.0225	0.781	0.199
732	749	732_G	749_P	0.0225	0.781	0.199
5	83	5_R	83_P	0.0225	0.780	0.199
44	293	44_V	293_E	0.0225	0.780	0.199
130	702	130_V	702_L	0.0225	0.780	0.199
170	556	170_L	556_Q	0.0225	0.780	0.199
370	569	370_S	569_I	0.0225	0.780	0.199
257	355	257_P	355_G	0.0225	0.780	0.199
183	744	183_R	744_E	0.0225	0.780	0.199
274	401	274_S	401_L	0.0225	0.780	0.199
13	629	13_F	629_L	0.0225	0.779	0.198
169	196	169_R	196_S	0.0225	0.779	0.198
191	264	191_L	264_L	0.0225	0.779	0.198
472	747	472_N	747_L	0.0225	0.779	0.198
85	565	85_V	565_D	0.0225	0.778	0.197
22	184	22_Q	184_F	0.0224	0.778	0.197
204	708	204_L	708_S	0.0224	0.778	0.197
358	404	358_L	404_Q	0.0224	0.778	0.197
56	89	56_L	89_S	0.0224	0.777	0.197
187	271	187_P	271_L	0.0224	0.777	0.197
195	654	195_P	654_Q	0.0224	0.777	0.197
288	306	288_P	306_L	0.0224	0.777	0.197
225	559	225_R	559_G	0.0224	0.776	0.196
631	640	631_L	640_E	0.0224	0.776	0.196
717	750	717_G	750_D	0.0224	0.776	0.196
257	265	257_P	265_Y	0.0224	0.776	0.196
331	421	331_E	421_A	0.0224	0.776	0.196
453	457	453_S	457_P	0.0224	0.776	0.196
119	686	119_S	686_V	0.0224	0.775	0.196
284	305	284_V	305_L	0.0224	0.775	0.196
316	399	316_S	399_L	0.0224	0.775	0.196
349	480	349_V	480_L	0.0224	0.775	0.196
657	698	657_V	698_V	0.0224	0.775	0.196
12	18	12_A	18_Q	0.0223	0.775	0.196
67	304	67_R	304_S	0.0223	0.775	0.196
125	720	125_W	720_Y	0.0223	0.775	0.196
212	284	212_R	284_V	0.0223	0.775	0.196
248	541	248_P	541_V	0.0223	0.775	0.196
586	590	586_S	590_T	0.0223	0.775	0.196
67	751	67_R	751_A	0.0223	0.774	0.195
210	250	210_A	250_L	0.0223	0.774	0.195
27	68	27_V	68_F	0.0223	0.774	0.195
289	420	289_A	420_D	0.0223	0.774	0.195
299	347	299_F	347_L	0.0223	0.774	0.195
64	168	64_L	168_T	0.0223	0.774	0.195
155	159	155_A	159_N	0.0223	0.774	0.195
383	415	383_S	415_A	0.0223	0.774	0.195
556	684	556_Q	684_R	0.0223	0.774	0.195
46	385	46_A	385_V	0.0223	0.773	0.194
180	689	180_R	689_D	0.0223	0.773	0.194
397	711	397_I	711_Q	0.0223	0.773	0.194
450	457	450_E	457_P	0.0223	0.773	0.194
618	622	618_I	622_V	0.0223	0.773	0.194
670	720	670_P	720_Y	0.0223	0.773	0.194
218	396	218_M	396_A	0.0223	0.773	0.194
302	429	302_L	429_P	0.0223	0.772	0.194
506	762	506_Y	762_P	0.0223	0.772	0.194
577	615	577_Q	615_A	0.0223	0.772	0.194
2	32	2_K	32_S	0.0223	0.772	0.194
72	232	72_T	232_A	0.0223	0.772	0.194
667	771	667_L	771_R	0.0223	0.772	0.194
10	664	10_D	664_R	0.0223	0.772	0.194
554	624	554_A	624_R	0.0223	0.772	0.194
218	392	218_M	392_H	0.0222	0.771	0.193
214	438	214_R	438_E	0.0222	0.771	0.193
503	762	503_F	762_P	0.0222	0.771	0.193
397	628	397_I	628_L	0.0222	0.771	0.193
488	493	488_P	493_G	0.0222	0.771	0.193
535	586	535_F	586_S	0.0222	0.771	0.193
579	766	579_Y	766_R	0.0222	0.771	0.193
492	700	492_S	700_L	0.0222	0.770	0.193
65	75	65_I	75_D	0.0222	0.770	0.193
148	374	148_H	374_V	0.0222	0.770	0.193
150	513	150_L	513_A	0.0222	0.770	0.193
207	396	207_H	396_A	0.0222	0.770	0.193
293	390	293_E	390_V	0.0222	0.770	0.193
341	694	341_E	694_V	0.0222	0.770	0.193
634	702	634_L	702_L	0.0222	0.770	0.193
53	603	53_L	603_L	0.0222	0.769	0.192
213	633	213_Q	633_L	0.0222	0.769	0.192
66	101	66_V	101_L	0.0222	0.769	0.192
248	571	248_P	571_S	0.0222	0.769	0.192
584	588	584_K	588_P	0.0222	0.769	0.192
50	157	50_D	157_Q	0.0222	0.768	0.191
195	656	195_P	656_R	0.0222	0.768	0.191
295	766	295_P	766_R	0.0222	0.768	0.191
470	768	470_Y	768_A	0.0222	0.768	0.191
152	632	152_L	632_M	0.0222	0.768	0.191
160	293	160_A	293_E	0.0222	0.768	0.191
8	18	8_W	18_Q	0.0221	0.768	0.191
42	246	42_W	246_A	0.0221	0.767	0.191
244	260	244_N	260_H	0.0221	0.767	0.191
585	604	585_Y	604_L	0.0221	0.767	0.191
615	768	615_A	768_A	0.0221	0.767	0.191
59	638	59_L	638_T	0.0221	0.767	0.191
241	432	241_N	432_L	0.0221	0.767	0.191
5	9	5_R	9_E	0.0221	0.766	0.190
203	377	203_E	377_V	0.0221	0.766	0.190
591	599	591_F	599_T	0.0221	0.766	0.190
42	539	42_W	539_Y	0.0221	0.766	0.190
44	712	44_V	712_G	0.0221	0.766	0.190
189	267	189_L	267_E	0.0221	0.766	0.190
209	247	209_Q	247_E	0.0221	0.766	0.190
510	589	510_G	589_A	0.0221	0.766	0.190
657	697	657_V	697_Q	0.0221	0.765	0.190
94	293	94_R	293_E	0.0221	0.765	0.190
355	358	355_G	358_L	0.0221	0.765	0.190
425	632	425_T	632_M	0.0221	0.765	0.190
172	444	172_R	444_R	0.0221	0.765	0.190
593	665	593_A	665_I	0.0221	0.765	0.190
21	336	21_Q	336_D	0.0221	0.764	0.189
67	494	67_R	494_W	0.0220	0.764	0.189
34	708	34_A	708_S	0.0220	0.764	0.189
36	306	36_M	306_L	0.0220	0.764	0.189
506	532	506_Y	532_H	0.0220	0.764	0.189
72	124	72_T	124_R	0.0220	0.763	0.188
270	473	270_R	473_F	0.0220	0.763	0.188
456	673	456_A	673_M	0.0220	0.763	0.188
5	11	5_R	11_G	0.0220	0.763	0.188
53	324	53_L	324_K	0.0220	0.763	0.188
279	371	279_S	371_P	0.0220	0.763	0.188
215	501	215_L	501_V	0.0220	0.762	0.188
218	318	218_M	318_V	0.0220	0.762	0.188
648	733	648_L	733_S	0.0220	0.762	0.188
286	770	286_A	770_M	0.0220	0.762	0.188
68	255	68_F	255_D	0.0220	0.761	0.187
30	34	30_A	34_A	0.0220	0.761	0.187
146	239	146_L	239_L	0.0220	0.761	0.187
239	348	239_L	348_S	0.0220	0.761	0.187
368	569	368_A	569_I	0.0220	0.761	0.187
549	572	549_Y	572_H	0.0220	0.761	0.187
581	642	581_I	642_L	0.0220	0.761	0.187
