i	j	i_id	j_id	r_sco	s_sco	prob
39	121	39_S	121_D	0.2414	4.459	1.000
239	260	239_L	260_L	0.1872	3.457	1.000
8	19	8_I	19_G	0.1593	2.942	1.000
254	291	254_V	291_V	0.1487	2.747	1.000
152	202	152_V	202_L	0.1456	2.689	1.000
240	280	240_W	280_R	0.1316	2.431	1.000
333	337	333_V	337_V	0.1306	2.412	1.000
198	239	198_A	239_L	0.1148	2.120	0.998
60	104	60_D	104_A	0.1142	2.109	0.998
49	53	49_F	53_C	0.1129	2.085	0.998
291	295	291_V	295_T	0.1100	2.032	0.997
269	277	269_T	277_D	0.1071	1.978	0.997
303	306	303_V	306_A	0.1050	1.939	0.996
26	30	26_L	30_A	0.1033	1.909	0.995
59	110	59_D	110_R	0.1026	1.896	0.995
329	333	329_G	333_V	0.1000	1.846	0.994
210	214	210_R	214_D	0.0998	1.842	0.993
35	90	35_S	90_N	0.0997	1.842	0.993
201	235	201_A	235_A	0.0987	1.823	0.993
57	101	57_S	101_A	0.0984	1.818	0.993
168	228	168_Y	228_H	0.0977	1.805	0.992
205	226	205_E	226_Q	0.0959	1.771	0.991
111	126	111_C	126_L	0.0957	1.768	0.990
179	196	179_R	196_L	0.0942	1.740	0.989
163	166	163_D	166_A	0.0930	1.718	0.988
148	199	148_G	199_F	0.0915	1.690	0.986
68	226	68_A	226_Q	0.0895	1.653	0.983
50	93	50_P	93_F	0.0885	1.635	0.981
258	295	258_T	295_T	0.0878	1.621	0.980
196	230	196_L	230_F	0.0877	1.619	0.980
247	290	247_L	290_R	0.0875	1.616	0.979
239	263	239_L	263_T	0.0856	1.581	0.975
280	284	280_R	284_I	0.0853	1.576	0.975
198	260	198_A	260_L	0.0844	1.559	0.973
182	192	182_L	192_S	0.0841	1.554	0.972
96	99	96_D	99_T	0.0837	1.546	0.971
172	229	172_C	229_F	0.0836	1.544	0.971
264	287	264_L	287_L	0.0835	1.543	0.970
145	148	145_F	148_G	0.0832	1.536	0.969
151	171	151_M	171_A	0.0829	1.531	0.969
36	49	36_V	49_F	0.0817	1.508	0.965
77	273	77_V	273_R	0.0816	1.508	0.965
178	195	178_A	195_M	0.0805	1.486	0.961
249	252	249_L	252_P	0.0786	1.452	0.954
73	99	73_I	99_T	0.0781	1.443	0.952
68	208	68_A	208_L	0.0763	1.409	0.943
33	129	33_W	129_V	0.0758	1.400	0.941
10	19	10_L	19_G	0.0758	1.400	0.941
140	144	140_R	144_I	0.0751	1.388	0.937
54	69	54_K	69_L	0.0751	1.387	0.937
279	282	279_R	282_D	0.0750	1.386	0.936
53	74	53_C	74_I	0.0747	1.380	0.935
55	113	55_A	113_F	0.0745	1.376	0.933
58	61	58_P	61_V	0.0733	1.355	0.926
276	280	276_D	280_R	0.0731	1.350	0.925
280	291	280_R	291_V	0.0725	1.340	0.921
301	306	301_P	306_A	0.0721	1.331	0.918
195	256	195_M	256_V	0.0713	1.317	0.912
232	238	232_T	238_E	0.0707	1.305	0.907
116	224	116_P	224_P	0.0703	1.298	0.904
205	225	205_E	225_L	0.0698	1.289	0.900
86	274	86_L	274_S	0.0688	1.272	0.892
38	320	38_S	320_W	0.0679	1.255	0.883
198	201	198_A	201_A	0.0675	1.247	0.879
64	112	64_V	112_T	0.0672	1.240	0.875
331	335	331_W	335_S	0.0671	1.240	0.875
32	188	32_F	188_S	0.0670	1.238	0.874
36	41	36_V	41_P	0.0666	1.231	0.870
325	329	325_V	329_G	0.0666	1.230	0.869
78	88	78_T	88_L	0.0666	1.230	0.869
302	306	302_V	306_A	0.0663	1.225	0.866
195	259	195_M	259_C	0.0657	1.213	0.859
286	289	286_A	289_A	0.0656	1.212	0.858
257	287	257_L	287_L	0.0654	1.208	0.856
30	128	30_A	128_A	0.0651	1.203	0.853
107	326	107_D	326_T	0.0651	1.203	0.853
56	66	56_G	66_N	0.0650	1.201	0.852
187	255	187_F	255_A	0.0649	1.199	0.850
198	256	198_A	256_V	0.0646	1.193	0.846
286	290	286_A	290_R	0.0643	1.188	0.843
227	233	227_A	233_L	0.0641	1.184	0.840
193	230	193_D	230_F	0.0639	1.179	0.837
208	218	208_L	218_R	0.0638	1.178	0.836
155	198	155_L	198_A	0.0637	1.176	0.835
265	284	265_Q	284_I	0.0636	1.174	0.833
55	72	55_A	72_V	0.0636	1.174	0.833
167	272	167_L	272_Y	0.0635	1.174	0.833
98	187	98_S	187_F	0.0631	1.166	0.828
176	229	176_K	229_F	0.0625	1.155	0.819
61	112	61_V	112_T	0.0623	1.150	0.816
181	184	181_E	184_E	0.0621	1.146	0.812
27	109	27_R	109_G	0.0618	1.142	0.809
5	127	5_V	127_F	0.0618	1.141	0.809
226	235	226_Q	235_A	0.0617	1.141	0.809
234	237	234_N	237_E	0.0614	1.134	0.803
183	189	183_A	189_Q	0.0613	1.132	0.801
207	227	207_V	227_A	0.0613	1.132	0.801
61	119	61_V	119_L	0.0610	1.127	0.797
267	270	267_G	270_G	0.0605	1.118	0.790
90	123	90_N	123_K	0.0604	1.116	0.788
72	105	72_V	105_M	0.0604	1.116	0.788
23	66	23_D	66_N	0.0599	1.107	0.780
97	102	97_L	102_A	0.0599	1.106	0.779
284	288	284_I	288_T	0.0598	1.104	0.778
324	332	324_I	332_C	0.0598	1.104	0.778
300	306	300_A	306_A	0.0597	1.103	0.777
58	80	58_P	80_V	0.0596	1.102	0.776
44	48	44_E	48_K	0.0596	1.101	0.775
33	226	33_W	226_Q	0.0595	1.098	0.772
328	332	328_A	332_C	0.0594	1.097	0.771
216	219	216_G	219_T	0.0593	1.096	0.771
136	139	136_P	139_S	0.0592	1.094	0.769
236	267	236_G	267_G	0.0589	1.087	0.762
236	270	236_G	270_G	0.0588	1.087	0.762
152	189	152_V	189_Q	0.0585	1.080	0.756
212	215	212_K	215_D	0.0582	1.074	0.750
285	289	285_R	289_A	0.0581	1.074	0.750
113	126	113_F	126_L	0.0577	1.066	0.742
336	340	336_S	340_D	0.0576	1.064	0.740
124	155	124_L	155_L	0.0573	1.059	0.736
301	304	301_P	304_V	0.0572	1.057	0.734
84	334	84_I	334_L	0.0572	1.056	0.733
70	102	70_S	102_A	0.0572	1.056	0.733
128	232	128_A	232_T	0.0571	1.056	0.733
141	148	141_A	148_G	0.0571	1.054	0.731
139	148	139_S	148_G	0.0569	1.051	0.727
171	203	171_A	203_L	0.0568	1.048	0.724
44	47	44_E	47_T	0.0567	1.047	0.723
178	182	178_A	182_L	0.0566	1.045	0.721
207	256	207_V	256_V	0.0565	1.044	0.720
36	334	36_V	334_L	0.0563	1.040	0.716
12	17	12_Q	17_W	0.0563	1.039	0.715
2	58	2_P	58_P	0.0562	1.039	0.715
96	182	96_D	182_L	0.0562	1.038	0.714
287	291	287_L	291_V	0.0561	1.037	0.713
130	238	130_L	238_E	0.0559	1.033	0.709
80	128	80_V	128_A	0.0558	1.031	0.707
210	216	210_R	216_G	0.0558	1.030	0.706
11	18	11_K	18_E	0.0557	1.029	0.705
175	222	175_V	222_Q	0.0555	1.026	0.702
36	124	36_V	124_L	0.0554	1.023	0.698
168	172	168_Y	172_C	0.0553	1.021	0.696
196	231	196_L	231_G	0.0550	1.015	0.690
31	83	31_D	83_A	0.0549	1.014	0.689
48	100	48_K	100_D	0.0549	1.013	0.687
55	95	55_A	95_L	0.0548	1.012	0.686
111	242	111_C	242_R	0.0547	1.010	0.684
18	108	18_E	108_A	0.0542	1.000	0.673
8	17	8_I	17_W	0.0538	0.994	0.666
205	238	205_E	238_E	0.0538	0.994	0.666
197	230	197_Y	230_F	0.0538	0.993	0.665
202	205	202_L	205_E	0.0538	0.993	0.665
10	95	10_L	95_L	0.0537	0.992	0.664
219	222	219_T	222_Q	0.0537	0.992	0.664
280	306	280_R	306_A	0.0537	0.992	0.664
301	307	301_P	307_P	0.0537	0.991	0.663
172	228	172_C	228_H	0.0537	0.991	0.663
3	16	3_S	16_M	0.0536	0.990	0.662
57	60	57_S	60_D	0.0536	0.990	0.662
34	155	34_L	155_L	0.0535	0.988	0.659
61	99	61_V	99_T	0.0535	0.988	0.659
6	23	6_V	23_D	0.0533	0.985	0.656
67	233	67_V	233_L	0.0533	0.985	0.656
28	106	28_E	106_L	0.0532	0.984	0.655
46	76	46_Q	76_P	0.0532	0.983	0.654
202	263	202_L	263_T	0.0530	0.980	0.650
316	319	316_Y	319_S	0.0530	0.979	0.649
239	243	239_L	243_I	0.0530	0.979	0.649
30	155	30_A	155_L	0.0529	0.978	0.648
84	122	84_I	122_V	0.0529	0.977	0.647
95	126	95_L	126_L	0.0529	0.977	0.647
53	105	53_C	105_M	0.0529	0.976	0.646
142	145	142_E	145_F	0.0527	0.974	0.643
201	226	201_A	226_Q	0.0527	0.973	0.642
285	333	285_R	333_V	0.0523	0.966	0.634
168	187	168_Y	187_F	0.0523	0.965	0.633
26	32	26_L	32_F	0.0522	0.965	0.633
196	232	196_L	232_T	0.0522	0.965	0.633
326	329	326_T	329_G	0.0522	0.964	0.631
291	316	291_V	316_Y	0.0522	0.964	0.631
304	318	304_V	318_L	0.0521	0.962	0.629
199	240	199_F	240_W	0.0520	0.960	0.627
315	321	315_M	321_G	0.0519	0.958	0.624
98	231	98_S	231_G	0.0518	0.957	0.623
36	247	36_V	247_L	0.0518	0.956	0.622
310	314	310_R	314_T	0.0518	0.956	0.622
165	173	165_K	173_Q	0.0516	0.953	0.618
296	299	296_F	299_D	0.0516	0.952	0.617
198	226	198_A	226_Q	0.0516	0.952	0.617
82	86	82_A	86_L	0.0515	0.952	0.617
64	71	64_V	71_G	0.0514	0.950	0.615
40	45	40_M	45_L	0.0513	0.948	0.612
65	273	65_V	273_R	0.0512	0.945	0.609
301	305	301_P	305_R	0.0511	0.944	0.607
18	58	18_E	58_P	0.0510	0.943	0.606
126	181	126_L	181_E	0.0510	0.942	0.605
1	109	1_L	109_G	0.0509	0.941	0.604
339	344	339_A	344_R	0.0508	0.939	0.601
197	232	197_Y	232_T	0.0508	0.938	0.600
149	259	149_W	259_C	0.0507	0.937	0.599
75	94	75_R	94_A	0.0507	0.936	0.598
87	90	87_R	90_N	0.0506	0.935	0.596
32	128	32_F	128_A	0.0506	0.935	0.596
284	302	284_I	302_V	0.0506	0.935	0.596
229	254	229_F	254_V	0.0505	0.933	0.594
90	182	90_N	182_L	0.0504	0.931	0.592
166	305	166_A	305_R	0.0503	0.929	0.589
334	337	334_L	337_V	0.0503	0.928	0.588
169	340	169_R	340_D	0.0503	0.928	0.588
303	307	303_V	307_P	0.0503	0.928	0.588
245	248	245_E	248_K	0.0502	0.927	0.587
54	70	54_K	70_S	0.0502	0.927	0.587
84	178	84_I	178_A	0.0501	0.925	0.584
10	65	10_L	65_V	0.0501	0.925	0.584
238	241	238_E	241_E	0.0500	0.924	0.583
96	103	96_D	103_R	0.0500	0.923	0.582
240	272	240_W	272_Y	0.0499	0.922	0.580
105	259	105_M	259_C	0.0498	0.920	0.578
202	225	202_L	225_L	0.0498	0.919	0.577
282	287	282_D	287_L	0.0498	0.919	0.577
194	253	194_I	253_D	0.0497	0.918	0.575
335	339	335_S	339_A	0.0497	0.918	0.575
144	147	144_I	147_P	0.0497	0.918	0.575
125	331	125_E	331_W	0.0496	0.917	0.574
58	110	58_P	110_R	0.0496	0.916	0.573
144	148	144_I	148_G	0.0495	0.914	0.570
152	290	152_V	290_R	0.0494	0.913	0.569
166	302	166_A	302_V	0.0494	0.913	0.569
34	220	34_L	220_W	0.0493	0.911	0.567
201	208	201_A	208_L	0.0493	0.911	0.567
65	92	65_V	92_Y	0.0493	0.910	0.565
287	294	287_L	294_F	0.0492	0.909	0.564
280	295	280_R	295_T	0.0492	0.908	0.563
74	115	74_I	115_T	0.0491	0.908	0.563
311	321	311_A	321_G	0.0491	0.907	0.562
136	212	136_P	212_K	0.0491	0.907	0.562
106	202	106_L	202_L	0.0490	0.906	0.560
202	206	202_L	206_S	0.0490	0.906	0.560
198	209	198_A	209_N	0.0490	0.904	0.558
337	341	337_V	341_Q	0.0490	0.904	0.558
264	280	264_L	280_R	0.0489	0.902	0.555
169	183	169_R	183_A	0.0488	0.902	0.555
37	76	37_R	76_P	0.0488	0.901	0.554
286	291	286_A	291_V	0.0488	0.901	0.554
25	28	25_R	28_E	0.0486	0.899	0.552
169	323	169_R	323_G	0.0486	0.898	0.550
325	333	325_V	333_V	0.0486	0.898	0.550
241	244	241_E	244_R	0.0485	0.896	0.548
61	145	61_V	145_F	0.0485	0.896	0.548
5	83	5_V	83_A	0.0485	0.895	0.547
299	344	299_D	344_R	0.0485	0.895	0.547
335	341	335_S	341_Q	0.0485	0.895	0.547
121	184	121_D	184_E	0.0484	0.893	0.544
104	274	104_A	274_S	0.0481	0.889	0.539
80	129	80_V	129_V	0.0481	0.888	0.538
303	318	303_V	318_L	0.0479	0.885	0.534
245	249	245_E	249_L	0.0479	0.885	0.534
324	333	324_I	333_V	0.0479	0.884	0.533
73	96	73_I	96_D	0.0478	0.884	0.533
82	110	82_A	110_R	0.0478	0.884	0.533
151	271	151_M	271_Q	0.0478	0.883	0.531
56	129	56_G	129_V	0.0478	0.883	0.531
157	279	157_S	279_R	0.0478	0.883	0.531
8	182	8_I	182_L	0.0478	0.882	0.530
15	62	15_V	62_S	0.0478	0.882	0.530
313	316	313_R	316_Y	0.0478	0.882	0.530
177	181	177_Q	181_E	0.0477	0.880	0.528
3	66	3_S	66_N	0.0476	0.879	0.526
111	255	111_C	255_A	0.0476	0.879	0.526
127	235	127_F	235_A	0.0476	0.878	0.525
5	82	5_V	82_A	0.0475	0.878	0.525
254	295	254_V	295_T	0.0473	0.874	0.520
276	284	276_D	284_I	0.0473	0.874	0.520
318	321	318_L	321_G	0.0472	0.871	0.516
280	296	280_R	296_F	0.0472	0.871	0.516
301	318	301_P	318_L	0.0471	0.871	0.516
68	86	68_A	86_L	0.0470	0.869	0.514
55	111	55_A	111_C	0.0470	0.868	0.512
36	257	36_V	257_L	0.0469	0.867	0.511
54	92	54_K	92_Y	0.0469	0.867	0.511
56	253	56_G	253_D	0.0469	0.866	0.510
59	108	59_D	108_A	0.0469	0.865	0.508
276	303	276_D	303_V	0.0468	0.864	0.507
299	340	299_D	340_D	0.0468	0.864	0.507
25	152	25_R	152_V	0.0467	0.863	0.506
264	319	264_L	319_S	0.0467	0.863	0.506
307	314	307_P	314_T	0.0467	0.863	0.506
276	291	276_D	291_V	0.0466	0.860	0.502
275	279	275_Q	279_R	0.0464	0.858	0.500
177	307	177_Q	307_P	0.0464	0.858	0.500
93	167	93_F	167_L	0.0464	0.857	0.498
2	23	2_P	23_D	0.0463	0.855	0.496
34	225	34_L	225_L	0.0462	0.854	0.494
41	257	41_P	257_L	0.0462	0.854	0.494
227	271	227_A	271_Q	0.0462	0.853	0.493
171	240	171_A	240_W	0.0462	0.853	0.493
253	258	253_D	258_T	0.0462	0.853	0.493
303	320	303_V	320_W	0.0462	0.853	0.493
31	94	31_D	94_A	0.0462	0.853	0.493
114	260	114_Y	260_L	0.0461	0.851	0.491
68	233	68_A	233_L	0.0460	0.849	0.488
160	183	160_P	183_A	0.0460	0.849	0.488
205	270	205_E	270_G	0.0460	0.849	0.488
160	170	160_P	170_R	0.0460	0.849	0.488
183	192	183_A	192_S	0.0460	0.849	0.488
78	222	78_T	222_Q	0.0459	0.848	0.487
13	40	13_K	40_M	0.0459	0.847	0.486
171	182	171_A	182_L	0.0458	0.846	0.484
191	249	191_S	249_L	0.0457	0.845	0.483
310	329	310_R	329_G	0.0457	0.844	0.482
269	273	269_T	273_R	0.0457	0.844	0.482
157	160	157_S	160_P	0.0457	0.843	0.480
193	238	193_D	238_E	0.0456	0.842	0.479
34	89	34_L	89_E	0.0456	0.842	0.479
320	324	320_W	324_I	0.0456	0.841	0.478
81	92	81_P	92_Y	0.0456	0.841	0.478
103	164	103_R	164_G	0.0455	0.841	0.478
95	276	95_L	276_D	0.0454	0.839	0.475
318	324	318_L	324_I	0.0453	0.837	0.473
74	271	74_I	271_Q	0.0453	0.837	0.473
197	238	197_Y	238_E	0.0452	0.835	0.470
207	210	207_V	210_R	0.0452	0.835	0.470
295	299	295_T	299_D	0.0452	0.834	0.469
304	308	304_V	308_G	0.0450	0.832	0.466
85	128	85_P	128_A	0.0450	0.832	0.466
74	287	74_I	287_L	0.0450	0.831	0.465
326	334	326_T	334_L	0.0450	0.831	0.465
7	40	7_F	40_M	0.0450	0.831	0.465
90	152	90_N	152_V	0.0450	0.831	0.465
50	56	50_P	56_G	0.0449	0.830	0.464
52	122	52_L	122_V	0.0449	0.830	0.464
21	27	21_L	27_R	0.0449	0.828	0.461
99	103	99_T	103_R	0.0449	0.828	0.461
60	201	60_D	201_A	0.0448	0.828	0.461
174	249	174_L	249_L	0.0448	0.828	0.461
326	339	326_T	339_A	0.0448	0.828	0.461
276	295	276_D	295_T	0.0448	0.827	0.460
100	117	100_D	117_A	0.0447	0.826	0.459
214	218	214_D	218_R	0.0447	0.826	0.459
23	26	23_D	26_L	0.0447	0.826	0.459
7	73	7_F	73_I	0.0446	0.824	0.456
201	241	201_A	241_E	0.0446	0.824	0.456
18	112	18_E	112_T	0.0446	0.823	0.455
116	194	116_P	194_I	0.0445	0.823	0.455
280	302	280_R	302_V	0.0445	0.822	0.454
300	303	300_A	303_V	0.0444	0.820	0.451
110	261	110_R	261_C	0.0443	0.818	0.449
127	196	127_F	196_L	0.0443	0.818	0.449
3	56	3_S	56_G	0.0442	0.817	0.447
52	130	52_L	130_L	0.0442	0.816	0.446
67	238	67_V	238_E	0.0442	0.816	0.446
127	226	127_F	226_Q	0.0442	0.816	0.446
162	175	162_E	175_V	0.0442	0.815	0.445
304	307	304_V	307_P	0.0442	0.815	0.445
324	328	324_I	328_A	0.0441	0.815	0.445
82	129	82_A	129_V	0.0441	0.815	0.445
155	207	155_L	207_V	0.0441	0.815	0.445
198	223	198_A	223_D	0.0441	0.815	0.445
239	249	239_L	249_L	0.0441	0.815	0.445
211	320	211_E	320_W	0.0441	0.815	0.445
172	326	172_C	326_T	0.0441	0.814	0.444
84	190	84_I	190_K	0.0440	0.813	0.442
194	320	194_I	320_W	0.0440	0.812	0.441
170	244	170_R	244_R	0.0440	0.812	0.441
79	82	79_H	82_A	0.0439	0.812	0.441
280	287	280_R	287_L	0.0439	0.811	0.440
78	122	78_T	122_V	0.0439	0.810	0.439
11	20	11_K	20_A	0.0438	0.809	0.437
173	176	173_Q	176_K	0.0438	0.809	0.437
7	96	7_F	96_D	0.0437	0.807	0.435
94	202	94_A	202_L	0.0436	0.805	0.432
111	275	111_C	275_Q	0.0436	0.805	0.432
292	297	292_P	297_A	0.0436	0.805	0.432
138	147	138_I	147_P	0.0435	0.804	0.431
65	80	65_V	80_V	0.0435	0.804	0.431
101	125	101_A	125_E	0.0435	0.804	0.431
247	257	247_L	257_L	0.0435	0.804	0.431
126	248	126_L	248_K	0.0435	0.803	0.430
84	114	84_I	114_Y	0.0435	0.803	0.430
31	331	31_D	331_W	0.0434	0.802	0.429
140	147	140_R	147_P	0.0434	0.801	0.427
89	179	89_E	179_R	0.0434	0.801	0.427
205	237	205_E	237_E	0.0434	0.801	0.427
325	328	325_V	328_A	0.0434	0.801	0.427
284	303	284_I	303_V	0.0433	0.800	0.426
157	165	157_S	165_K	0.0433	0.799	0.425
70	78	70_S	78_T	0.0432	0.799	0.425
325	335	325_V	335_S	0.0432	0.799	0.425
301	308	301_P	308_G	0.0432	0.798	0.424
74	109	74_I	109_G	0.0432	0.797	0.422
86	230	86_L	230_F	0.0432	0.797	0.422
332	335	332_C	335_S	0.0432	0.797	0.422
57	109	57_S	109_G	0.0431	0.797	0.422
42	329	42_G	329_G	0.0431	0.796	0.421
152	256	152_V	256_V	0.0431	0.796	0.421
6	22	6_V	22_H	0.0431	0.795	0.420
163	332	163_D	332_C	0.0431	0.795	0.420
10	113	10_L	113_F	0.0430	0.793	0.417
107	332	107_D	332_C	0.0429	0.792	0.416
8	45	8_I	45_L	0.0429	0.792	0.416
17	202	17_W	202_L	0.0429	0.792	0.416
8	234	8_I	234_N	0.0429	0.792	0.416
10	123	10_L	123_K	0.0429	0.792	0.416
138	212	138_I	212_K	0.0429	0.792	0.416
86	198	86_L	198_A	0.0428	0.791	0.415
187	192	187_F	192_S	0.0428	0.791	0.415
98	186	98_S	186_G	0.0428	0.791	0.415
152	206	152_V	206_S	0.0428	0.790	0.414
8	41	8_I	41_P	0.0428	0.790	0.414
162	166	162_E	166_A	0.0427	0.789	0.413
117	120	117_A	120_G	0.0427	0.788	0.411
17	342	17_W	342_V	0.0427	0.788	0.411
179	332	179_R	332_C	0.0426	0.786	0.409
226	230	226_Q	230_F	0.0426	0.786	0.409
79	86	79_H	86_L	0.0425	0.785	0.408
4	41	4_R	41_P	0.0425	0.785	0.408
27	116	27_R	116_P	0.0425	0.785	0.408
77	82	77_V	82_A	0.0425	0.784	0.406
280	303	280_R	303_V	0.0425	0.784	0.406
49	244	49_F	244_R	0.0424	0.784	0.406
39	327	39_S	327_L	0.0424	0.783	0.405
193	208	193_D	208_L	0.0424	0.783	0.405
54	226	54_K	226_Q	0.0424	0.783	0.405
75	170	75_R	170_R	0.0424	0.782	0.404
127	197	127_F	197_Y	0.0424	0.782	0.404
281	290	281_E	290_R	0.0423	0.782	0.404
298	302	298_Q	302_V	0.0423	0.782	0.404
77	80	77_V	80_V	0.0423	0.781	0.403
141	144	141_A	144_I	0.0422	0.780	0.401
302	320	302_V	320_W	0.0422	0.780	0.401
99	198	99_T	198_A	0.0422	0.780	0.401
180	277	180_E	277_D	0.0422	0.780	0.401
19	310	19_G	310_R	0.0422	0.780	0.401
252	322	252_P	322_A	0.0422	0.780	0.401
8	111	8_I	111_C	0.0422	0.779	0.400
198	262	198_A	262_R	0.0421	0.778	0.399
139	145	139_S	145_F	0.0421	0.778	0.399
201	286	201_A	286_A	0.0421	0.778	0.399
152	159	152_V	159_Q	0.0421	0.777	0.398
159	173	159_Q	173_Q	0.0420	0.777	0.398
83	127	83_A	127_F	0.0420	0.776	0.397
180	300	180_E	300_A	0.0420	0.776	0.397
44	76	44_E	76_P	0.0420	0.776	0.397
72	95	72_V	95_L	0.0419	0.774	0.394
300	328	300_A	328_A	0.0419	0.774	0.394
207	211	207_V	211_E	0.0419	0.774	0.394
57	284	57_S	284_I	0.0418	0.773	0.393
255	328	255_A	328_A	0.0418	0.772	0.392
252	332	252_P	332_C	0.0418	0.772	0.392
2	59	2_P	59_D	0.0417	0.771	0.390
14	62	14_G	62_S	0.0417	0.771	0.390
191	256	191_S	256_V	0.0416	0.769	0.388
206	238	206_S	238_E	0.0416	0.769	0.388
282	308	282_D	308_G	0.0416	0.769	0.388
61	80	61_V	80_V	0.0416	0.768	0.387
208	223	208_L	223_D	0.0415	0.767	0.386
149	201	149_W	201_A	0.0415	0.767	0.386
151	155	151_M	155_L	0.0415	0.767	0.386
37	123	37_R	123_K	0.0415	0.766	0.384
295	298	295_T	298_Q	0.0415	0.766	0.384
55	181	55_A	181_E	0.0415	0.766	0.384
295	325	295_T	325_V	0.0414	0.765	0.383
182	269	182_L	269_T	0.0414	0.764	0.382
282	298	282_D	298_Q	0.0413	0.764	0.382
58	108	58_P	108_A	0.0413	0.764	0.382
65	240	65_V	240_W	0.0413	0.763	0.381
173	311	173_Q	311_A	0.0413	0.762	0.380
87	92	87_R	92_Y	0.0413	0.762	0.380
141	182	141_A	182_L	0.0412	0.761	0.378
217	260	217_W	260_L	0.0412	0.761	0.378
162	203	162_E	203_L	0.0412	0.760	0.377
96	329	96_D	329_G	0.0411	0.760	0.377
265	283	265_Q	283_V	0.0411	0.760	0.377
66	84	66_N	84_I	0.0411	0.759	0.376
184	192	184_E	192_S	0.0411	0.759	0.376
53	111	53_C	111_C	0.0411	0.759	0.376
22	113	22_H	113_F	0.0410	0.758	0.375
3	109	3_S	109_G	0.0410	0.758	0.375
205	272	205_E	272_Y	0.0410	0.758	0.375
280	288	280_R	288_T	0.0410	0.758	0.375
7	21	7_F	21_L	0.0410	0.757	0.374
142	148	142_E	148_G	0.0410	0.757	0.374
242	246	242_R	246_Q	0.0410	0.757	0.374
188	191	188_S	191_S	0.0409	0.756	0.372
17	79	17_W	79_H	0.0409	0.755	0.371
255	333	255_A	333_V	0.0408	0.754	0.370
161	216	161_V	216_G	0.0408	0.753	0.369
29	335	29_G	335_S	0.0408	0.753	0.369
34	95	34_L	95_L	0.0407	0.752	0.368
126	129	126_L	129_V	0.0407	0.752	0.368
101	113	101_A	113_F	0.0406	0.751	0.367
195	254	195_M	254_V	0.0406	0.751	0.367
51	233	51_Q	233_L	0.0406	0.750	0.365
114	200	114_Y	200_C	0.0406	0.750	0.365
161	164	161_V	164_G	0.0406	0.750	0.365
33	83	33_W	83_A	0.0405	0.749	0.364
207	263	207_V	263_T	0.0405	0.749	0.364
121	271	121_D	271_Q	0.0405	0.748	0.363
145	149	145_F	149_W	0.0405	0.748	0.363
282	329	282_D	329_G	0.0405	0.748	0.363
268	283	268_F	283_V	0.0405	0.748	0.363
68	201	68_A	201_A	0.0405	0.747	0.362
136	215	136_P	215_D	0.0405	0.747	0.362
164	176	164_G	176_K	0.0404	0.746	0.361
97	192	97_L	192_S	0.0404	0.746	0.361
58	109	58_P	109_G	0.0404	0.746	0.361
291	296	291_V	296_F	0.0404	0.746	0.361
103	118	103_R	118_S	0.0403	0.745	0.359
225	262	225_L	262_R	0.0403	0.745	0.359
77	212	77_V	212_K	0.0403	0.745	0.359
225	272	225_L	272_Y	0.0403	0.745	0.359
68	221	68_A	221_Q	0.0403	0.744	0.358
333	336	333_V	336_S	0.0403	0.744	0.358
68	198	68_A	198_A	0.0403	0.744	0.358
315	322	315_M	322_A	0.0403	0.744	0.358
